ID	limma	DESeq2	edgeR	NOISeq
XM_027350606.1	1	1	1	1
XM_027350608.1	1	1	1	1
XM_027350616.1	1	1	1	1
XM_027350619.1	1	1	1	1
XM_027350640.1	1	1	1	1
XM_027350641.1	1	1	1	1
XM_027350642.1	1	1	1	1
XM_027350643.1	1	1	1	1
XM_027350660.1	1	1	1	1
XM_027350678.1	1	1	1	1
XM_027350690.1	1	1	1	1
XM_027350736.1	1	1	1	1
XM_027350773.1	1	1	1	1
XM_027350775.1	1	1	1	1
XM_027350784.1	1	1	1	1
XM_027350785.1	1	1	1	1
XM_027350786.1	1	1	1	1
XM_027350787.1	1	1	1	1
XM_027350788.1	1	1	1	1
XM_027350817.1	1	1	1	1
XM_027350818.1	1	1	1	1
XM_027350819.1	1	1	1	1
XM_027350824.1	1	1	1	1
XM_027350825.1	1	1	1	1
XM_027350836.1	1	1	1	1
XM_027350857.1	1	1	1	1
XM_027350868.1	1	1	1	1
XM_027350869.1	1	1	1	1
XM_027350917.1	1	1	1	1
XM_027350920.1	1	1	1	1
XM_027350924.1	1	1	1	1
XM_027350951.1	1	1	1	1
XM_027350998.1	1	1	1	1
XM_027351003.1	1	1	1	1
XM_027351009.1	1	1	1	1
XM_027351022.1	1	1	1	1
XM_027351023.1	1	1	1	1
XM_027351024.1	1	1	1	1
XM_027351025.1	1	1	1	1
XM_027351037.1	1	1	1	1
XM_027351045.1	1	1	1	1
XM_027351058.1	1	1	1	1
XM_027351137.1	1	1	1	1
XM_027351138.1	1	1	1	1
XM_027351149.1	1	1	1	1
XM_027351150.1	1	1	1	1
XM_027351151.1	1	1	1	1
XM_027351152.1	1	1	1	1
XM_027351167.1	1	1	1	1
XM_027351169.1	1	1	1	1
XM_027351256.1	1	1	1	1
XM_027351347.1	1	1	1	1
XM_027351365.1	1	1	1	1
XM_027351384.1	1	1	1	1
XM_027351444.1	1	1	1	1
XM_027351445.1	1	1	1	1
XM_027351446.1	1	1	1	1
XM_027351447.1	1	1	1	1
XM_027351449.1	1	1	1	1
XM_027351486.1	1	1	1	1
XM_027351522.1	1	1	1	1
XM_027351545.1	1	1	1	1
XM_027351617.1	1	1	1	1
XM_027351642.1	1	1	1	1
XM_027351648.1	1	1	1	1
XM_027351659.1	1	1	1	1
XM_027351660.1	1	1	1	1
XM_027351669.1	1	1	1	1
XM_027351679.1	1	1	1	1
XM_027351717.1	1	1	1	1
XM_027351718.1	1	1	1	1
XM_027351719.1	1	1	1	1
XM_027351720.1	1	1	1	1
XM_027351722.1	1	1	1	1
XM_027351753.1	1	1	1	1
XM_027351766.1	1	1	1	1
XM_027351782.1	1	1	1	1
XM_027351783.1	1	1	1	1
XM_027351839.1	1	1	1	1
XM_027352043.1	1	1	1	1
XM_027352078.1	1	1	1	1
XM_027352079.1	1	1	1	1
XM_027352106.1	1	1	1	1
XM_027352131.1	1	1	1	1
XM_027352132.1	1	1	1	1
XM_027352134.1	1	1	1	1
XM_027352136.1	1	1	1	1
XM_027352137.1	1	1	1	1
XM_027352138.1	1	1	1	1
XM_027352149.1	1	1	1	1
XM_027352271.1	1	1	1	1
XM_027352272.1	1	1	1	1
XM_027352273.1	1	1	1	1
XM_027352301.1	1	1	1	1
XM_027352308.1	1	1	1	1
XM_027352341.1	1	1	1	1
XM_027352342.1	1	1	1	1
XM_027352348.1	1	1	1	1
XM_027352361.1	1	1	1	1
XM_027352367.1	1	1	1	1
XM_027352419.1	1	1	1	1
XM_027352447.1	1	1	1	1
XM_027352479.1	1	1	1	1
XM_027352483.1	1	1	1	1
XM_027352487.1	1	1	1	1
XM_027352498.1	1	1	1	1
XM_027352504.1	1	1	1	1
XM_027352525.1	1	1	1	1
XM_027352530.1	1	1	1	1
XM_027352573.1	1	1	1	1
XM_027352579.1	1	1	1	1
XM_027352601.1	1	1	1	1
XM_027352683.1	1	1	1	1
XM_027352706.1	1	1	1	1
XM_027352735.1	1	1	1	1
XM_027352764.1	1	1	1	1
XM_027352765.1	1	1	1	1
XM_027352767.1	1	1	1	1
XM_027352768.1	1	1	1	1
XM_027352769.1	1	1	1	1
XM_027352778.1	1	1	1	1
XM_027352782.1	1	1	1	1
XM_027352783.1	1	1	1	1
XM_027352821.1	1	1	1	1
XM_027352827.1	1	1	1	1
XM_027352828.1	1	1	1	1
XM_027352831.1	1	1	1	1
XM_027352835.1	1	1	1	1
XM_027352848.1	1	1	1	1
XM_027352883.1	1	1	1	1
XM_027352895.1	1	1	1	1
XM_027352899.1	1	1	1	1
XM_027352901.1	1	1	1	1
XM_027352925.1	1	1	1	1
XM_027352929.1	1	1	1	1
XM_027352972.1	1	1	1	1
XM_027352974.1	1	1	1	1
XM_027352978.1	1	1	1	1
XM_027353003.1	1	1	1	1
XM_027353004.1	1	1	1	1
XM_027353005.1	1	1	1	1
XM_027353006.1	1	1	1	1
XM_027353007.1	1	1	1	1
XM_027353018.1	1	1	1	1
XM_027353057.1	1	1	1	1
XM_027353066.1	1	1	1	1
XM_027353070.1	1	1	1	1
XM_027353072.1	1	1	1	1
XM_027353074.1	1	1	1	1
XM_027353133.1	1	1	1	1
XM_027353184.1	1	1	1	1
XM_027353228.1	1	1	1	1
XM_027353310.1	1	1	1	1
XM_027353338.1	1	1	1	1
XM_027353368.1	1	1	1	1
XM_027353375.1	1	1	1	1
XM_027353393.1	1	1	1	1
XM_027353394.1	1	1	1	1
XM_027353405.1	1	1	1	1
XM_027353445.1	1	1	1	1
XM_027353455.1	1	1	1	1
XM_027353474.1	1	1	1	1
XM_027353504.1	1	1	1	1
XM_027353536.1	1	1	1	1
XM_027353545.1	1	1	1	1
XM_027353553.1	1	1	1	1
XM_027353572.1	1	1	1	1
XM_027353581.1	1	1	1	1
XM_027353586.1	1	1	1	1
XM_027353587.1	1	1	1	1
XM_027353588.1	1	1	1	1
XM_027353707.1	1	1	1	1
XM_027353715.1	1	1	1	1
XM_027353771.1	1	1	1	1
XM_027353815.1	1	1	1	1
XM_027353873.1	1	1	1	1
XM_027353895.1	1	1	1	1
XM_027353912.1	1	1	1	1
XM_027353940.1	1	1	1	1
XM_027353958.1	1	1	1	1
XM_027353959.1	1	1	1	1
XM_027353960.1	1	1	1	1
XM_027353961.1	1	1	1	1
XM_027353962.1	1	1	1	1
XM_027353964.1	1	1	1	1
XM_027353965.1	1	1	1	1
XM_027353966.1	1	1	1	1
XM_027353979.1	1	1	1	1
XM_027353980.1	1	1	1	1
XM_027354032.1	1	1	1	1
XM_027354044.1	1	1	1	1
XM_027354120.1	1	1	1	1
XM_027354132.1	1	1	1	1
XM_027354154.1	1	1	1	1
XM_027354156.1	1	1	1	1
XM_027354175.1	1	1	1	1
XM_027354177.1	1	1	1	1
XM_027354209.1	1	1	1	1
XM_027354211.1	1	1	1	1
XM_027354218.1	1	1	1	1
XM_027354223.1	1	1	1	1
XM_027354226.1	1	1	1	1
XM_027354232.1	1	1	1	1
XM_027354233.1	1	1	1	1
XM_027354234.1	1	1	1	1
XM_027354235.1	1	1	1	1
XM_027354238.1	1	1	1	1
XM_027354286.1	1	1	1	1
XM_027354332.1	1	1	1	1
XM_027354334.1	1	1	1	1
XM_027354347.1	1	1	1	1
XM_027354357.1	1	1	1	1
XM_027354359.1	1	1	1	1
XM_027354398.1	1	1	1	1
XM_027354424.1	1	1	1	1
XM_027354430.1	1	1	1	1
XM_027354434.1	1	1	1	1
XM_027354435.1	1	1	1	1
XM_027354436.1	1	1	1	1
XM_027354437.1	1	1	1	1
XM_027354449.1	1	1	1	1
XM_027354455.1	1	1	1	1
XM_027354461.1	1	1	1	1
XM_027354462.1	1	1	1	1
XM_027354502.1	1	1	1	1
XM_027354580.1	1	1	1	1
XM_027354582.1	1	1	1	1
XM_027354610.1	1	1	1	1
XM_027354615.1	1	1	1	1
XM_027354616.1	1	1	1	1
XM_027354623.1	1	1	1	1
XM_027354624.1	1	1	1	1
XM_027354631.1	1	1	1	1
XM_027354644.1	1	1	1	1
XM_027354647.1	1	1	1	1
XM_027354654.1	1	1	1	1
XM_027354672.1	1	1	1	1
XM_027354699.1	1	1	1	1
XM_027354704.1	1	1	1	1
XM_027354714.1	1	1	1	1
XM_027354742.1	1	1	1	1
XM_027354778.1	1	1	1	1
XM_027354803.1	1	1	1	1
XM_027354804.1	1	1	1	1
XM_027354815.1	1	1	1	1
XM_027354816.1	1	1	1	1
XM_027354846.1	1	1	1	1
XM_027354944.1	1	1	1	1
XM_027354946.1	1	1	1	1
XM_027354956.1	1	1	1	1
XM_027354965.1	1	1	1	1
XM_027354985.1	1	1	1	1
XM_027355073.1	1	1	1	1
XM_027355094.1	1	1	1	1
XM_027355155.1	1	1	1	1
XM_027355163.1	1	1	1	1
XM_027355171.1	1	1	1	1
XM_027355172.1	1	1	1	1
XM_027355173.1	1	1	1	1
XM_027355188.1	1	1	1	1
XM_027355236.1	1	1	1	1
XM_027355249.1	1	1	1	1
XM_027355252.1	1	1	1	1
XM_027355253.1	1	1	1	1
XM_027355298.1	1	1	1	1
XM_027355305.1	1	1	1	1
XM_027355316.1	1	1	1	1
XM_027355320.1	1	1	1	1
XM_027355343.1	1	1	1	1
XM_027355345.1	1	1	1	1
XM_027355346.1	1	1	1	1
XM_027355349.1	1	1	1	1
XM_027355350.1	1	1	1	1
XM_027355420.1	1	1	1	1
XM_027355431.1	1	1	1	1
XM_027355437.1	1	1	1	1
XM_027355469.1	1	1	1	1
XM_027355582.1	1	1	1	1
XM_027355601.1	1	1	1	1
XM_027355625.1	1	1	1	1
XM_027355634.1	1	1	1	1
XM_027355690.1	1	1	1	1
XM_027355713.1	1	1	1	1
XM_027355748.1	1	1	1	1
XM_027355749.1	1	1	1	1
XM_027355750.1	1	1	1	1
XM_027355751.1	1	1	1	1
XM_027355753.1	1	1	1	1
XM_027355771.1	1	1	1	1
XM_027355794.1	1	1	1	1
XM_027355833.1	1	1	1	1
XM_027355842.1	1	1	1	1
XM_027355849.1	1	1	1	1
XM_027355850.1	1	1	1	1
XM_027355851.1	1	1	1	1
XM_027355855.1	1	1	1	1
XM_027355861.1	1	1	1	1
XM_027355879.1	1	1	1	1
XM_027355928.1	1	1	1	1
XM_027355967.1	1	1	1	1
XM_027355968.1	1	1	1	1
XM_027356014.1	1	1	1	1
XM_027356044.1	1	1	1	1
XM_027356086.1	1	1	1	1
XM_027356087.1	1	1	1	1
XM_027356088.1	1	1	1	1
XM_027356089.1	1	1	1	1
XM_027356104.1	1	1	1	1
XM_027356112.1	1	1	1	1
XM_027356139.1	1	1	1	1
XM_027356165.1	1	1	1	1
XM_027356200.1	1	1	1	1
XM_027356201.1	1	1	1	1
XM_027356215.1	1	1	1	1
XM_027356223.1	1	1	1	1
XM_027356228.1	1	1	1	1
XM_027356250.1	1	1	1	1
XM_027356275.1	1	1	1	1
XM_027356293.1	1	1	1	1
XM_027356296.1	1	1	1	1
XM_027356336.1	1	1	1	1
XM_027356384.1	1	1	1	1
XM_027356446.1	1	1	1	1
XM_027356467.1	1	1	1	1
XM_027356469.1	1	1	1	1
XM_027356471.1	1	1	1	1
XM_027356492.1	1	1	1	1
XM_027356497.1	1	1	1	1
XM_027356509.1	1	1	1	1
XM_027356526.1	1	1	1	1
XM_027356582.1	1	1	1	1
XM_027356583.1	1	1	1	1
XM_027356584.1	1	1	1	1
XM_027356585.1	1	1	1	1
XM_027356588.1	1	1	1	1
XM_027356596.1	1	1	1	1
XM_027356673.1	1	1	1	1
XM_027356697.1	1	1	1	1
XM_027356709.1	1	1	1	1
XM_027356718.1	1	1	1	1
XM_027356719.1	1	1	1	1
XM_027356755.1	1	1	1	1
XM_027356780.1	1	1	1	1
XM_027356799.1	1	1	1	1
XM_027356800.1	1	1	1	1
XM_027356810.1	1	1	1	1
XM_027356811.1	1	1	1	1
XM_027356832.1	1	1	1	1
XM_027356839.1	1	1	1	1
XM_027356878.1	1	1	1	1
XM_027356905.1	1	1	1	1
XM_027356950.1	1	1	1	1
XM_027356973.1	1	1	1	1
XM_027356979.1	1	1	1	1
XM_027357050.1	1	1	1	1
XM_027357060.1	1	1	1	1
XM_027357068.1	1	1	1	1
XM_027357074.1	1	1	1	1
XM_027357077.1	1	1	1	1
XM_027357079.1	1	1	1	1
XM_027357102.1	1	1	1	1
XM_027357138.1	1	1	1	1
XM_027357178.1	1	1	1	1
XM_027357189.1	1	1	1	1
XM_027357196.1	1	1	1	1
XM_027357247.1	1	1	1	1
XM_027357248.1	1	1	1	1
XM_027357254.1	1	1	1	1
XM_027357259.1	1	1	1	1
XM_027357260.1	1	1	1	1
XM_027357326.1	1	1	1	1
XM_027357327.1	1	1	1	1
XM_027357331.1	1	1	1	1
XM_027357339.1	1	1	1	1
XM_027357385.1	1	1	1	1
XM_027357401.1	1	1	1	1
XM_027357402.1	1	1	1	1
XM_027357414.1	1	1	1	1
XM_027357423.1	1	1	1	1
XM_027357424.1	1	1	1	1
XM_027357430.1	1	1	1	1
XM_027357432.1	1	1	1	1
XM_027357477.1	1	1	1	1
XM_027357480.1	1	1	1	1
XM_027357542.1	1	1	1	1
XM_027357590.1	1	1	1	1
XM_027357598.1	1	1	1	1
XM_027357599.1	1	1	1	1
XM_027357613.1	1	1	1	1
XM_027357643.1	1	1	1	1
XM_027357670.1	1	1	1	1
XM_027357704.1	1	1	1	1
XM_027357730.1	1	1	1	1
XM_027357737.1	1	1	1	1
XM_027357762.1	1	1	1	1
XM_027357817.1	1	1	1	1
XM_027357867.1	1	1	1	1
XM_027357868.1	1	1	1	1
XM_027357878.1	1	1	1	1
XM_027357932.1	1	1	1	1
XM_027357934.1	1	1	1	1
XM_027357955.1	1	1	1	1
XM_027357961.1	1	1	1	1
XM_027357990.1	1	1	1	1
XM_027358068.1	1	1	1	1
XM_027358118.1	1	1	1	1
XM_027358143.1	1	1	1	1
XM_027358172.1	1	1	1	1
XM_027358217.1	1	1	1	1
XM_027358241.1	1	1	1	1
XM_027358254.1	1	1	1	1
XM_027358259.1	1	1	1	1
XM_027358265.1	1	1	1	1
XM_027358283.1	1	1	1	1
XM_027358284.1	1	1	1	1
XM_027358285.1	1	1	1	1
XM_027358308.1	1	1	1	1
XM_027358310.1	1	1	1	1
XM_027358311.1	1	1	1	1
XM_027358312.1	1	1	1	1
XM_027358313.1	1	1	1	1
XM_027358314.1	1	1	1	1
XM_027358315.1	1	1	1	1
XM_027358317.1	1	1	1	1
XM_027358318.1	1	1	1	1
XM_027358319.1	1	1	1	1
XM_027358320.1	1	1	1	1
XM_027358321.1	1	1	1	1
XM_027358322.1	1	1	1	1
XM_027358324.1	1	1	1	1
XM_027358331.1	1	1	1	1
XM_027358335.1	1	1	1	1
XM_027358346.1	1	1	1	1
XM_027358347.1	1	1	1	1
XM_027358352.1	1	1	1	1
XM_027358353.1	1	1	1	1
XM_027358354.1	1	1	1	1
XM_027358355.1	1	1	1	1
XM_027358356.1	1	1	1	1
XM_027358369.1	1	1	1	1
XM_027358370.1	1	1	1	1
XM_027358371.1	1	1	1	1
XM_027358372.1	1	1	1	1
XM_027358373.1	1	1	1	1
XM_027358378.1	1	1	1	1
XM_027358402.1	1	1	1	1
XM_027358403.1	1	1	1	1
XM_027358422.1	1	1	1	1
XM_027358450.1	1	1	1	1
XM_027358467.1	1	1	1	1
XM_027358473.1	1	1	1	1
XM_027358510.1	1	1	1	1
XM_027358525.1	1	1	1	1
XM_027358532.1	1	1	1	1
XM_027358605.1	1	1	1	1
XM_027358656.1	1	1	1	1
XM_027358664.1	1	1	1	1
XM_027358670.1	1	1	1	1
XM_027358692.1	1	1	1	1
XM_027358708.1	1	1	1	1
XM_027358709.1	1	1	1	1
XM_027358782.1	1	1	1	1
XM_027358783.1	1	1	1	1
XM_027358788.1	1	1	1	1
XM_027358795.1	1	1	1	1
XM_027358881.1	1	1	1	1
XM_027358882.1	1	1	1	1
XM_027358886.1	1	1	1	1
XM_027358887.1	1	1	1	1
XM_027358921.1	1	1	1	1
XM_027358934.1	1	1	1	1
XM_027358948.1	1	1	1	1
XM_027358949.1	1	1	1	1
XM_027358950.1	1	1	1	1
XM_027358980.1	1	1	1	1
XM_027359006.1	1	1	1	1
XM_027359020.1	1	1	1	1
XM_027359027.1	1	1	1	1
XM_027359033.1	1	1	1	1
XM_027359096.1	1	1	1	1
XM_027359106.1	1	1	1	1
XM_027359128.1	1	1	1	1
XM_027359129.1	1	1	1	1
XM_027359130.1	1	1	1	1
XM_027359131.1	1	1	1	1
XM_027359132.1	1	1	1	1
XM_027359133.1	1	1	1	1
XM_027359134.1	1	1	1	1
XM_027359142.1	1	1	1	1
XM_027359151.1	1	1	1	1
XM_027359162.1	1	1	1	1
XM_027359240.1	1	1	1	1
XM_027359272.1	1	1	1	1
XM_027359273.1	1	1	1	1
XM_027359275.1	1	1	1	1
XM_027359278.1	1	1	1	1
XM_027359280.1	1	1	1	1
XM_027359294.1	1	1	1	1
XM_027359307.1	1	1	1	1
XM_027359338.1	1	1	1	1
XM_027359369.1	1	1	1	1
XM_027359376.1	1	1	1	1
XM_027359377.1	1	1	1	1
XM_027359380.1	1	1	1	1
XM_027359381.1	1	1	1	1
XM_027359388.1	1	1	1	1
XM_027359448.1	1	1	1	1
XM_027359452.1	1	1	1	1
XM_027359453.1	1	1	1	1
XM_027359454.1	1	1	1	1
XM_027359501.1	1	1	1	1
XM_027359519.1	1	1	1	1
XM_027359526.1	1	1	1	1
XM_027359537.1	1	1	1	1
XM_027359553.1	1	1	1	1
XM_027359560.1	1	1	1	1
XM_027359602.1	1	1	1	1
XM_027359675.1	1	1	1	1
XM_027359690.1	1	1	1	1
XM_027359747.1	1	1	1	1
XM_027359748.1	1	1	1	1
XM_027359755.1	1	1	1	1
XM_027359787.1	1	1	1	1
XM_027359788.1	1	1	1	1
XM_027359789.1	1	1	1	1
XM_027359790.1	1	1	1	1
XM_027359796.1	1	1	1	1
XM_027359865.1	1	1	1	1
XM_027359867.1	1	1	1	1
XM_027359868.1	1	1	1	1
XM_027359897.1	1	1	1	1
XM_027359913.1	1	1	1	1
XM_027359927.1	1	1	1	1
XM_027359943.1	1	1	1	1
XM_027359953.1	1	1	1	1
XM_027359960.1	1	1	1	1
XM_027359961.1	1	1	1	1
XM_027359986.1	1	1	1	1
XM_027360011.1	1	1	1	1
XM_027360017.1	1	1	1	1
XM_027360018.1	1	1	1	1
XM_027360019.1	1	1	1	1
XM_027360020.1	1	1	1	1
XM_027360021.1	1	1	1	1
XM_027360022.1	1	1	1	1
XM_027360028.1	1	1	1	1
XM_027360031.1	1	1	1	1
XM_027360032.1	1	1	1	1
XM_027360033.1	1	1	1	1
XM_027360034.1	1	1	1	1
XM_027360043.1	1	1	1	1
XM_027360065.1	1	1	1	1
XM_027360092.1	1	1	1	1
XM_027360093.1	1	1	1	1
XM_027360094.1	1	1	1	1
XM_027360107.1	1	1	1	1
XM_027360159.1	1	1	1	1
XM_027360173.1	1	1	1	1
XM_027360174.1	1	1	1	1
XM_027360208.1	1	1	1	1
XM_027360232.1	1	1	1	1
XM_027360250.1	1	1	1	1
XM_027360292.1	1	1	1	1
XM_027360315.1	1	1	1	1
XM_027360335.1	1	1	1	1
XM_027360375.1	1	1	1	1
XM_027360379.1	1	1	1	1
XM_027360383.1	1	1	1	1
XM_027360384.1	1	1	1	1
XM_027360403.1	1	1	1	1
XM_027360415.1	1	1	1	1
XM_027360420.1	1	1	1	1
XM_027360424.1	1	1	1	1
XM_027360447.1	1	1	1	1
XM_027360456.1	1	1	1	1
XM_027360462.1	1	1	1	1
XM_027360465.1	1	1	1	1
XM_027360471.1	1	1	1	1
XM_027360472.1	1	1	1	1
XM_027360473.1	1	1	1	1
XM_027360480.1	1	1	1	1
XM_027360487.1	1	1	1	1
XM_027360491.1	1	1	1	1
XM_027360494.1	1	1	1	1
XM_027360501.1	1	1	1	1
XM_027360503.1	1	1	1	1
XM_027360514.1	1	1	1	1
XM_027360545.1	1	1	1	1
XM_027360568.1	1	1	1	1
XM_027360596.1	1	1	1	1
XM_027360619.1	1	1	1	1
XM_027360659.1	1	1	1	1
XM_027360670.1	1	1	1	1
XM_027360671.1	1	1	1	1
XM_027360672.1	1	1	1	1
XM_027360673.1	1	1	1	1
XM_027360674.1	1	1	1	1
XM_027360675.1	1	1	1	1
XM_027360676.1	1	1	1	1
XM_027360677.1	1	1	1	1
XM_027360678.1	1	1	1	1
XM_027360700.1	1	1	1	1
XM_027360701.1	1	1	1	1
XM_027360716.1	1	1	1	1
XM_027360719.1	1	1	1	1
XM_027360812.1	1	1	1	1
XM_027360856.1	1	1	1	1
XM_027360861.1	1	1	1	1
XM_027360884.1	1	1	1	1
XM_027360885.1	1	1	1	1
XM_027360886.1	1	1	1	1
XM_027360887.1	1	1	1	1
XM_027360888.1	1	1	1	1
XM_027360903.1	1	1	1	1
XM_027360905.1	1	1	1	1
XM_027360937.1	1	1	1	1
XM_027360966.1	1	1	1	1
XM_027361000.1	1	1	1	1
XM_027361001.1	1	1	1	1
XM_027361002.1	1	1	1	1
XM_027361003.1	1	1	1	1
XM_027361004.1	1	1	1	1
XM_027361005.1	1	1	1	1
XM_027361006.1	1	1	1	1
XM_027361007.1	1	1	1	1
XM_027361008.1	1	1	1	1
XM_027361022.1	1	1	1	1
XM_027361025.1	1	1	1	1
XM_027361051.1	1	1	1	1
XM_027361112.1	1	1	1	1
XM_027361126.1	1	1	1	1
XM_027361127.1	1	1	1	1
XM_027361149.1	1	1	1	1
XM_027361204.1	1	1	1	1
XM_027361207.1	1	1	1	1
XM_027361210.1	1	1	1	1
XM_027361214.1	1	1	1	1
XM_027361235.1	1	1	1	1
XM_027361248.1	1	1	1	1
XM_027361311.1	1	1	1	1
XM_027361326.1	1	1	1	1
XM_027361347.1	1	1	1	1
XM_027361348.1	1	1	1	1
XM_027361402.1	1	1	1	1
XM_027361403.1	1	1	1	1
XM_027361405.1	1	1	1	1
XM_027361406.1	1	1	1	1
XM_027361409.1	1	1	1	1
XM_027361417.1	1	1	1	1
XM_027361425.1	1	1	1	1
XM_027361428.1	1	1	1	1
XM_027361429.1	1	1	1	1
XM_027361437.1	1	1	1	1
XM_027361439.1	1	1	1	1
XM_027361440.1	1	1	1	1
XM_027361442.1	1	1	1	1
XM_027361443.1	1	1	1	1
XM_027361453.1	1	1	1	1
XM_027361465.1	1	1	1	1
XM_027361478.1	1	1	1	1
XM_027361479.1	1	1	1	1
XM_027361480.1	1	1	1	1
XM_027361500.1	1	1	1	1
XM_027361550.1	1	1	1	1
XM_027361553.1	1	1	1	1
XM_027361578.1	1	1	1	1
XM_027361591.1	1	1	1	1
XM_027361688.1	1	1	1	1
XM_027361742.1	1	1	1	1
XM_027361793.1	1	1	1	1
XM_027361798.1	1	1	1	1
XM_027361852.1	1	1	1	1
XM_027361907.1	1	1	1	1
XM_027361940.1	1	1	1	1
XM_027361943.1	1	1	1	1
XM_027361955.1	1	1	1	1
XM_027361961.1	1	1	1	1
XM_027361968.1	1	1	1	1
XM_027361980.1	1	1	1	1
XM_027362011.1	1	1	1	1
XM_027362020.1	1	1	1	1
XM_027362021.1	1	1	1	1
XM_027362035.1	1	1	1	1
XM_027362036.1	1	1	1	1
XM_027362049.1	1	1	1	1
XM_027362056.1	1	1	1	1
XM_027362097.1	1	1	1	1
XM_027362126.1	1	1	1	1
XM_027362127.1	1	1	1	1
XM_027362174.1	1	1	1	1
XM_027362179.1	1	1	1	1
XM_027362182.1	1	1	1	1
XM_027362209.1	1	1	1	1
XM_027362211.1	1	1	1	1
XM_027362214.1	1	1	1	1
XM_027362217.1	1	1	1	1
XM_027362219.1	1	1	1	1
XM_027362226.1	1	1	1	1
XM_027362237.1	1	1	1	1
XM_027362243.1	1	1	1	1
XM_027362292.1	1	1	1	1
XM_027362332.1	1	1	1	1
XM_027362336.1	1	1	1	1
XM_027362340.1	1	1	1	1
XM_027362400.1	1	1	1	1
XM_027362418.1	1	1	1	1
XM_027362420.1	1	1	1	1
XM_027362434.1	1	1	1	1
XM_027362439.1	1	1	1	1
XM_027362465.1	1	1	1	1
XM_027362477.1	1	1	1	1
XM_027362480.1	1	1	1	1
XM_027362482.1	1	1	1	1
XM_027362500.1	1	1	1	1
XM_027362529.1	1	1	1	1
XM_027362546.1	1	1	1	1
XM_027362583.1	1	1	1	1
XM_027362603.1	1	1	1	1
XM_027362656.1	1	1	1	1
XM_027362706.1	1	1	1	1
XM_027362710.1	1	1	1	1
XM_027362711.1	1	1	1	1
XM_027362714.1	1	1	1	1
XM_027362736.1	1	1	1	1
XM_027362738.1	1	1	1	1
XM_027362823.1	1	1	1	1
XM_027362824.1	1	1	1	1
XM_027362843.1	1	1	1	1
XM_027362937.1	1	1	1	1
XM_027362938.1	1	1	1	1
XM_027362943.1	1	1	1	1
XM_027362951.1	1	1	1	1
XM_027362972.1	1	1	1	1
XM_027362976.1	1	1	1	1
XM_027362977.1	1	1	1	1
XM_027363011.1	1	1	1	1
XM_027363019.1	1	1	1	1
XM_027363021.1	1	1	1	1
XM_027363023.1	1	1	1	1
XM_027363029.1	1	1	1	1
XM_027363062.1	1	1	1	1
XM_027363086.1	1	1	1	1
XM_027363087.1	1	1	1	1
XM_027363088.1	1	1	1	1
XM_027363097.1	1	1	1	1
XM_027363100.1	1	1	1	1
XM_027363153.1	1	1	1	1
XM_027363168.1	1	1	1	1
XM_027363177.1	1	1	1	1
XM_027363243.1	1	1	1	1
XM_027363313.1	1	1	1	1
XM_027363358.1	1	1	1	1
XM_027363492.1	1	1	1	1
XM_027363523.1	1	1	1	1
XM_027363525.1	1	1	1	1
XM_027363570.1	1	1	1	1
XM_027363596.1	1	1	1	1
XM_027363609.1	1	1	1	1
XM_027363626.1	1	1	1	1
XM_027363646.1	1	1	1	1
XM_027363716.1	1	1	1	1
XM_027363735.1	1	1	1	1
XM_027363736.1	1	1	1	1
XM_027363737.1	1	1	1	1
XM_027363738.1	1	1	1	1
XM_027363778.1	1	1	1	1
XM_027363799.1	1	1	1	1
XM_027363811.1	1	1	1	1
XM_027363812.1	1	1	1	1
XM_027363840.1	1	1	1	1
XM_027363841.1	1	1	1	1
XM_027363895.1	1	1	1	1
XM_027363896.1	1	1	1	1
XM_027363897.1	1	1	1	1
XM_027363898.1	1	1	1	1
XM_027363899.1	1	1	1	1
XM_027363912.1	1	1	1	1
XM_027363930.1	1	1	1	1
XM_027363967.1	1	1	1	1
XM_027364013.1	1	1	1	1
XM_027364014.1	1	1	1	1
XM_027364028.1	1	1	1	1
XM_027364030.1	1	1	1	1
XM_027364096.1	1	1	1	1
XM_027364183.1	1	1	1	1
XM_027364184.1	1	1	1	1
XM_027364193.1	1	1	1	1
XM_027364195.1	1	1	1	1
XM_027364237.1	1	1	1	1
XM_027364286.1	1	1	1	1
XM_027364304.1	1	1	1	1
XM_027364306.1	1	1	1	1
XM_027364322.1	1	1	1	1
XM_027364342.1	1	1	1	1
XM_027364355.1	1	1	1	1
XM_027364375.1	1	1	1	1
XM_027364388.1	1	1	1	1
XM_027364390.1	1	1	1	1
XM_027364434.1	1	1	1	1
XM_027364441.1	1	1	1	1
XM_027364471.1	1	1	1	1
XM_027364511.1	1	1	1	1
XM_027364513.1	1	1	1	1
XM_027364524.1	1	1	1	1
XM_027364565.1	1	1	1	1
XM_027364566.1	1	1	1	1
XM_027364574.1	1	1	1	1
XM_027364575.1	1	1	1	1
XM_027364599.1	1	1	1	1
XM_027364617.1	1	1	1	1
XM_027364618.1	1	1	1	1
XM_027364630.1	1	1	1	1
XM_027364634.1	1	1	1	1
XM_027364635.1	1	1	1	1
XM_027364636.1	1	1	1	1
XM_027364639.1	1	1	1	1
XM_027364640.1	1	1	1	1
XM_027364641.1	1	1	1	1
XM_027364645.1	1	1	1	1
XM_027364646.1	1	1	1	1
XM_027364647.1	1	1	1	1
XM_027364648.1	1	1	1	1
XM_027364649.1	1	1	1	1
XM_027364651.1	1	1	1	1
XM_027364654.1	1	1	1	1
XM_027364655.1	1	1	1	1
XM_027364657.1	1	1	1	1
XM_027364664.1	1	1	1	1
XM_027364702.1	1	1	1	1
XM_027364708.1	1	1	1	1
XM_027364713.1	1	1	1	1
XM_027364731.1	1	1	1	1
XM_027364740.1	1	1	1	1
XM_027364741.1	1	1	1	1
XM_027364777.1	1	1	1	1
XM_027364794.1	1	1	1	1
XM_027364797.1	1	1	1	1
XM_027364798.1	1	1	1	1
XM_027364813.1	1	1	1	1
XM_027364824.1	1	1	1	1
XM_027364882.1	1	1	1	1
XM_027364884.1	1	1	1	1
XM_027364889.1	1	1	1	1
XM_027364915.1	1	1	1	1
XM_027364920.1	1	1	1	1
XM_027364921.1	1	1	1	1
XM_027364974.1	1	1	1	1
XM_027364975.1	1	1	1	1
XM_027364980.1	1	1	1	1
XM_027364982.1	1	1	1	1
XM_027364989.1	1	1	1	1
XM_027365098.1	1	1	1	1
XM_027365150.1	1	1	1	1
XM_027365151.1	1	1	1	1
XM_027365164.1	1	1	1	1
XM_027365218.1	1	1	1	1
XM_027365225.1	1	1	1	1
XM_027365246.1	1	1	1	1
XM_027365266.1	1	1	1	1
XM_027365267.1	1	1	1	1
XM_027365268.1	1	1	1	1
XM_027365280.1	1	1	1	1
XM_027365289.1	1	1	1	1
XM_027365398.1	1	1	1	1
XM_027365422.1	1	1	1	1
XM_027365497.1	1	1	1	1
XM_027365498.1	1	1	1	1
XM_027365527.1	1	1	1	1
XM_027365548.1	1	1	1	1
XM_027365549.1	1	1	1	1
XM_027365550.1	1	1	1	1
XM_027365565.1	1	1	1	1
XM_027365576.1	1	1	1	1
XM_027365594.1	1	1	1	1
XM_027365599.1	1	1	1	1
XM_027365608.1	1	1	1	1
XM_027365612.1	1	1	1	1
XM_027365653.1	1	1	1	1
XM_027365699.1	1	1	1	1
XM_027365709.1	1	1	1	1
XM_027365737.1	1	1	1	1
XM_027365739.1	1	1	1	1
XM_027365741.1	1	1	1	1
XM_027365747.1	1	1	1	1
XM_027365755.1	1	1	1	1
XM_027365766.1	1	1	1	1
XM_027365767.1	1	1	1	1
XM_027365785.1	1	1	1	1
XM_027365867.1	1	1	1	1
XM_027365872.1	1	1	1	1
XM_027365875.1	1	1	1	1
XM_027365880.1	1	1	1	1
XM_027365890.1	1	1	1	1
XM_027365938.1	1	1	1	1
XM_027365941.1	1	1	1	1
XM_027365954.1	1	1	1	1
XM_027365955.1	1	1	1	1
XM_027365956.1	1	1	1	1
XM_027365957.1	1	1	1	1
XM_027365958.1	1	1	1	1
XM_027365959.1	1	1	1	1
XM_027366023.1	1	1	1	1
XM_027366046.1	1	1	1	1
XM_027366049.1	1	1	1	1
XM_027366105.1	1	1	1	1
XM_027366189.1	1	1	1	1
XM_027366202.1	1	1	1	1
XM_027366209.1	1	1	1	1
XM_027366258.1	1	1	1	1
XM_027366278.1	1	1	1	1
XM_027366285.1	1	1	1	1
XM_027366290.1	1	1	1	1
XM_027366299.1	1	1	1	1
XM_027366315.1	1	1	1	1
XM_027366317.1	1	1	1	1
XM_027366318.1	1	1	1	1
XM_027366319.1	1	1	1	1
XM_027366324.1	1	1	1	1
XM_027366336.1	1	1	1	1
XM_027366349.1	1	1	1	1
XM_027366369.1	1	1	1	1
XM_027366391.1	1	1	1	1
XM_027366429.1	1	1	1	1
XM_027366475.1	1	1	1	1
XM_027366566.1	1	1	1	1
XM_027366570.1	1	1	1	1
XM_027366571.1	1	1	1	1
XM_027366573.1	1	1	1	1
XM_027366593.1	1	1	1	1
XM_027366629.1	1	1	1	1
XM_027366660.1	1	1	1	1
XM_027366672.1	1	1	1	1
XM_027366673.1	1	1	1	1
XM_027366674.1	1	1	1	1
XM_027366716.1	1	1	1	1
XM_027366725.1	1	1	1	1
XM_027366730.1	1	1	1	1
XM_027366793.1	1	1	1	1
XM_027366807.1	1	1	1	1
XM_027366808.1	1	1	1	1
XM_027366836.1	1	1	1	1
XM_027366839.1	1	1	1	1
XM_027366955.1	1	1	1	1
XM_027367010.1	1	1	1	1
XM_027367074.1	1	1	1	1
XM_027367089.1	1	1	1	1
XM_027367109.1	1	1	1	1
XM_027367130.1	1	1	1	1
XM_027367203.1	1	1	1	1
XM_027367204.1	1	1	1	1
XM_027367205.1	1	1	1	1
XM_027367206.1	1	1	1	1
XM_027367207.1	1	1	1	1
XM_027367208.1	1	1	1	1
XM_027367210.1	1	1	1	1
XM_027367211.1	1	1	1	1
XM_027367214.1	1	1	1	1
XM_027367216.1	1	1	1	1
XM_027367217.1	1	1	1	1
XM_027367220.1	1	1	1	1
XM_027367221.1	1	1	1	1
XM_027367232.1	1	1	1	1
XM_027367233.1	1	1	1	1
XM_027367240.1	1	1	1	1
XM_027367242.1	1	1	1	1
XM_027367245.1	1	1	1	1
XM_027367247.1	1	1	1	1
XM_027367284.1	1	1	1	1
XM_027367294.1	1	1	1	1
XM_027367319.1	1	1	1	1
XM_027367406.1	1	1	1	1
XM_027367447.1	1	1	1	1
XM_027367553.1	1	1	1	1
XM_027367557.1	1	1	1	1
XM_027367592.1	1	1	1	1
XM_027367599.1	1	1	1	1
XM_027367619.1	1	1	1	1
XM_027367678.1	1	1	1	1
XM_027367684.1	1	1	1	1
XM_027367703.1	1	1	1	1
XM_027367715.1	1	1	1	1
XM_027367721.1	1	1	1	1
XM_027367748.1	1	1	1	1
XM_027367773.1	1	1	1	1
XM_027367788.1	1	1	1	1
XM_027367789.1	1	1	1	1
XM_027367793.1	1	1	1	1
XM_027367795.1	1	1	1	1
XM_027367796.1	1	1	1	1
XM_027367830.1	1	1	1	1
XM_027367845.1	1	1	1	1
XM_027367850.1	1	1	1	1
XM_027367868.1	1	1	1	1
XM_027367881.1	1	1	1	1
XM_027367929.1	1	1	1	1
XM_027367937.1	1	1	1	1
XM_027367938.1	1	1	1	1
XM_027367983.1	1	1	1	1
XM_027368039.1	1	1	1	1
XM_027368044.1	1	1	1	1
XM_027368076.1	1	1	1	1
XM_027368104.1	1	1	1	1
XM_027368135.1	1	1	1	1
XM_027368185.1	1	1	1	1
XM_027368186.1	1	1	1	1
XM_027368202.1	1	1	1	1
XM_027368287.1	1	1	1	1
XM_027368298.1	1	1	1	1
XM_027368310.1	1	1	1	1
XM_027368319.1	1	1	1	1
XM_027368335.1	1	1	1	1
XM_027368348.1	1	1	1	1
XM_027368349.1	1	1	1	1
XM_027368407.1	1	1	1	1
XM_027368427.1	1	1	1	1
XM_027368438.1	1	1	1	1
XM_027368451.1	1	1	1	1
XM_027368455.1	1	1	1	1
XM_027368506.1	1	1	1	1
XM_027368508.1	1	1	1	1
XM_027368551.1	1	1	1	1
XM_027368562.1	1	1	1	1
XM_027368570.1	1	1	1	1
XM_027368608.1	1	1	1	1
XM_027368614.1	1	1	1	1
XM_027368618.1	1	1	1	1
XM_027368645.1	1	1	1	1
XM_027368681.1	1	1	1	1
XM_027368721.1	1	1	1	1
XM_027368757.1	1	1	1	1
XM_027368788.1	1	1	1	1
XM_027368883.1	1	1	1	1
XM_027368904.1	1	1	1	1
XM_027368908.1	1	1	1	1
XM_027368941.1	1	1	1	1
XM_027368978.1	1	1	1	1
XM_027368982.1	1	1	1	1
XM_027369030.1	1	1	1	1
XM_027369044.1	1	1	1	1
XM_027369045.1	1	1	1	1
XM_027369065.1	1	1	1	1
XM_027369069.1	1	1	1	1
XM_027369070.1	1	1	1	1
XM_027369074.1	1	1	1	1
XM_027369079.1	1	1	1	1
XM_027369080.1	1	1	1	1
XM_027369119.1	1	1	1	1
XM_027369128.1	1	1	1	1
XM_027369129.1	1	1	1	1
XM_027369130.1	1	1	1	1
XM_027369132.1	1	1	1	1
XM_027369138.1	1	1	1	1
XM_027369201.1	1	1	1	1
XM_027369235.1	1	1	1	1
XM_027369258.1	1	1	1	1
XM_027369259.1	1	1	1	1
XM_027369325.1	1	1	1	1
XM_027369344.1	1	1	1	1
XM_027369356.1	1	1	1	1
XM_027369398.1	1	1	1	1
XM_027369407.1	1	1	1	1
XM_027369434.1	1	1	1	1
XM_027369483.1	1	1	1	1
XM_027369498.1	1	1	1	1
XM_027369551.1	1	1	1	1
XM_027369559.1	1	1	1	1
XM_027369635.1	1	1	1	1
XM_027369636.1	1	1	1	1
XM_027369648.1	1	1	1	1
XM_027369652.1	1	1	1	1
XM_027369682.1	1	1	1	1
XM_027369692.1	1	1	1	1
XM_027369697.1	1	1	1	1
XM_027369700.1	1	1	1	1
XM_027369775.1	1	1	1	1
XM_027369785.1	1	1	1	1
XM_027369911.1	1	1	1	1
XM_027369920.1	1	1	1	1
XM_027369939.1	1	1	1	1
XM_027369959.1	1	1	1	1
XM_027369960.1	1	1	1	1
XM_027369975.1	1	1	1	1
XM_027369979.1	1	1	1	1
XM_027369985.1	1	1	1	1
XM_027369997.1	1	1	1	1
XM_027369999.1	1	1	1	1
XM_027370012.1	1	1	1	1
XM_027370033.1	1	1	1	1
XM_027370040.1	1	1	1	1
XM_027370046.1	1	1	1	1
XM_027370049.1	1	1	1	1
XM_027370052.1	1	1	1	1
XM_027370061.1	1	1	1	1
XM_027370087.1	1	1	1	1
XM_027370088.1	1	1	1	1
XM_027370105.1	1	1	1	1
XM_027370206.1	1	1	1	1
XM_027370216.1	1	1	1	1
XM_027370227.1	1	1	1	1
XM_027370287.1	1	1	1	1
XM_027370301.1	1	1	1	1
XM_027370304.1	1	1	1	1
XM_027370305.1	1	1	1	1
XM_027370311.1	1	1	1	1
XM_027370319.1	1	1	1	1
XM_027370320.1	1	1	1	1
XM_027370324.1	1	1	1	1
XM_027370325.1	1	1	1	1
XM_027370332.1	1	1	1	1
XM_027370333.1	1	1	1	1
XM_027370334.1	1	1	1	1
XM_027370371.1	1	1	1	1
XM_027370372.1	1	1	1	1
XM_027370373.1	1	1	1	1
XM_027370374.1	1	1	1	1
XM_027370385.1	1	1	1	1
XM_027370391.1	1	1	1	1
XM_027370404.1	1	1	1	1
XM_027370469.1	1	1	1	1
XM_027370477.1	1	1	1	1
XM_027370482.1	1	1	1	1
XM_027370496.1	1	1	1	1
XM_027370545.1	1	1	1	1
XM_027370560.1	1	1	1	1
XM_027370568.1	1	1	1	1
XM_027370573.1	1	1	1	1
XM_027370574.1	1	1	1	1
XM_027370575.1	1	1	1	1
XM_027370576.1	1	1	1	1
XM_027370601.1	1	1	1	1
XM_027370654.1	1	1	1	1
XM_027370663.1	1	1	1	1
XM_027370706.1	1	1	1	1
XM_027370717.1	1	1	1	1
XM_027370732.1	1	1	1	1
XM_027370759.1	1	1	1	1
XM_027370767.1	1	1	1	1
XM_027370775.1	1	1	1	1
XM_027370776.1	1	1	1	1
XM_027370777.1	1	1	1	1
XM_027370789.1	1	1	1	1
XM_027370795.1	1	1	1	1
XM_027370813.1	1	1	1	1
XM_027370837.1	1	1	1	1
XM_027370889.1	1	1	1	1
XM_027370916.1	1	1	1	1
XM_027370929.1	1	1	1	1
XM_027370930.1	1	1	1	1
XM_027370931.1	1	1	1	1
XM_027370942.1	1	1	1	1
XM_027370944.1	1	1	1	1
XM_027370990.1	1	1	1	1
XM_027371025.1	1	1	1	1
XM_027371027.1	1	1	1	1
XM_027371041.1	1	1	1	1
XM_027371052.1	1	1	1	1
XM_027371148.1	1	1	1	1
XM_027371158.1	1	1	1	1
XM_027371184.1	1	1	1	1
XM_027371244.1	1	1	1	1
XM_027371265.1	1	1	1	1
XM_027371295.1	1	1	1	1
XM_027371298.1	1	1	1	1
XM_027371308.1	1	1	1	1
XM_027371323.1	1	1	1	1
XM_027371427.1	1	1	1	1
XM_027371429.1	1	1	1	1
XM_027371430.1	1	1	1	1
XM_027371435.1	1	1	1	1
XM_027371437.1	1	1	1	1
XM_027371453.1	1	1	1	1
XM_027371458.1	1	1	1	1
XM_027371468.1	1	1	1	1
XM_027371487.1	1	1	1	1
XM_027371488.1	1	1	1	1
XM_027371489.1	1	1	1	1
XM_027371490.1	1	1	1	1
XM_027371491.1	1	1	1	1
XM_027371492.1	1	1	1	1
XM_027371496.1	1	1	1	1
XM_027371497.1	1	1	1	1
XM_027371498.1	1	1	1	1
XM_027371499.1	1	1	1	1
XM_027371500.1	1	1	1	1
XM_027371502.1	1	1	1	1
XM_027371503.1	1	1	1	1
XM_027371505.1	1	1	1	1
XM_027371551.1	1	1	1	1
XM_027371552.1	1	1	1	1
XM_027371553.1	1	1	1	1
XM_027371554.1	1	1	1	1
XM_027371555.1	1	1	1	1
XM_027371557.1	1	1	1	1
XM_027371564.1	1	1	1	1
XM_027371566.1	1	1	1	1
XM_027371568.1	1	1	1	1
XM_027371609.1	1	1	1	1
XM_027371610.1	1	1	1	1
XM_027371614.1	1	1	1	1
XM_027371625.1	1	1	1	1
XM_027371629.1	1	1	1	1
XM_027371654.1	1	1	1	1
XM_027371675.1	1	1	1	1
XM_027371676.1	1	1	1	1
XM_027371704.1	1	1	1	1
XM_027371720.1	1	1	1	1
XM_027371733.1	1	1	1	1
XM_027371770.1	1	1	1	1
XM_027371803.1	1	1	1	1
XM_027371805.1	1	1	1	1
XM_027371895.1	1	1	1	1
XM_027371900.1	1	1	1	1
XM_027371919.1	1	1	1	1
XM_027371932.1	1	1	1	1
XM_027371933.1	1	1	1	1
XM_027371995.1	1	1	1	1
XM_027371996.1	1	1	1	1
XM_027372008.1	1	1	1	1
XM_027372019.1	1	1	1	1
XM_027372091.1	1	1	1	1
XM_027372103.1	1	1	1	1
XM_027372114.1	1	1	1	1
XM_027372116.1	1	1	1	1
XM_027372117.1	1	1	1	1
XM_027372118.1	1	1	1	1
XM_027372154.1	1	1	1	1
XM_027372156.1	1	1	1	1
XM_027372157.1	1	1	1	1
XM_027372163.1	1	1	1	1
XM_027372166.1	1	1	1	1
XM_027372168.1	1	1	1	1
XM_027372186.1	1	1	1	1
XM_027372187.1	1	1	1	1
XM_027372188.1	1	1	1	1
XM_027372245.1	1	1	1	1
XM_027372314.1	1	1	1	1
XM_027372318.1	1	1	1	1
XM_027372330.1	1	1	1	1
XM_027372343.1	1	1	1	1
XM_027372388.1	1	1	1	1
XM_027372404.1	1	1	1	1
XM_027372475.1	1	1	1	1
XM_027372490.1	1	1	1	1
XM_027372511.1	1	1	1	1
XM_027372535.1	1	1	1	1
XM_027372536.1	1	1	1	1
XM_027372558.1	1	1	1	1
XM_027372561.1	1	1	1	1
XM_027372566.1	1	1	1	1
XM_027372589.1	1	1	1	1
XM_027372592.1	1	1	1	1
XM_027372593.1	1	1	1	1
XM_027372594.1	1	1	1	1
XM_027372622.1	1	1	1	1
XM_027372643.1	1	1	1	1
XM_027372660.1	1	1	1	1
XM_027372706.1	1	1	1	1
XM_027372736.1	1	1	1	1
XM_027372737.1	1	1	1	1
XM_027372744.1	1	1	1	1
XM_027372753.1	1	1	1	1
XM_027372781.1	1	1	1	1
XM_027372789.1	1	1	1	1
XM_027372808.1	1	1	1	1
XM_027372820.1	1	1	1	1
XM_027372831.1	1	1	1	1
XM_027372842.1	1	1	1	1
XM_027372880.1	1	1	1	1
XM_027372885.1	1	1	1	1
XM_027372901.1	1	1	1	1
XM_027372906.1	1	1	1	1
XM_027372907.1	1	1	1	1
XM_027372920.1	1	1	1	1
XM_027372929.1	1	1	1	1
XM_027372961.1	1	1	1	1
XM_027372989.1	1	1	1	1
XM_027372990.1	1	1	1	1
XM_027372991.1	1	1	1	1
XM_027372995.1	1	1	1	1
XM_027373000.1	1	1	1	1
XM_027373004.1	1	1	1	1
XM_027373014.1	1	1	1	1
XM_027373018.1	1	1	1	1
XM_027373019.1	1	1	1	1
XM_027373020.1	1	1	1	1
XM_027373021.1	1	1	1	1
XM_027373022.1	1	1	1	1
XM_027373024.1	1	1	1	1
XM_027373025.1	1	1	1	1
XM_027373026.1	1	1	1	1
XM_027373028.1	1	1	1	1
XM_027373029.1	1	1	1	1
XM_027373030.1	1	1	1	1
XM_027373031.1	1	1	1	1
XM_027373036.1	1	1	1	1
XM_027373039.1	1	1	1	1
XM_027373040.1	1	1	1	1
XM_027373046.1	1	1	1	1
XM_027373049.1	1	1	1	1
XM_027373054.1	1	1	1	1
XM_027373071.1	1	1	1	1
XM_027373082.1	1	1	1	1
XM_027373119.1	1	1	1	1
XM_027373120.1	1	1	1	1
XM_027373121.1	1	1	1	1
XM_027373122.1	1	1	1	1
XM_027373123.1	1	1	1	1
XM_027373124.1	1	1	1	1
XM_027373149.1	1	1	1	1
XM_027373201.1	1	1	1	1
XM_027373205.1	1	1	1	1
XM_027373221.1	1	1	1	1
XM_027373235.1	1	1	1	1
XM_027373236.1	1	1	1	1
XM_027373237.1	1	1	1	1
XM_027373238.1	1	1	1	1
XM_027373260.1	1	1	1	1
XM_027373266.1	1	1	1	1
XM_027373309.1	1	1	1	1
XM_027373417.1	1	1	1	1
XM_027373428.1	1	1	1	1
XM_027373453.1	1	1	1	1
XM_027373456.1	1	1	1	1
XM_027373471.1	1	1	1	1
XM_027373473.1	1	1	1	1
XM_027373474.1	1	1	1	1
XM_027373475.1	1	1	1	1
XM_027373537.1	1	1	1	1
XM_027373543.1	1	1	1	1
XM_027373554.1	1	1	1	1
XM_027373555.1	1	1	1	1
XM_027373573.1	1	1	1	1
XM_027373630.1	1	1	1	1
XM_027373648.1	1	1	1	1
XM_027373670.1	1	1	1	1
XM_027373684.1	1	1	1	1
XM_027373696.1	1	1	1	1
XM_027373703.1	1	1	1	1
XM_027373721.1	1	1	1	1
XM_027373728.1	1	1	1	1
XM_027373755.1	1	1	1	1
XM_027373756.1	1	1	1	1
XM_027373769.1	1	1	1	1
XM_027373770.1	1	1	1	1
XM_027373786.1	1	1	1	1
XM_027373802.1	1	1	1	1
XM_027373857.1	1	1	1	1
XM_027373894.1	1	1	1	1
XM_027373896.1	1	1	1	1
XM_027373902.1	1	1	1	1
XM_027373915.1	1	1	1	1
XM_027373917.1	1	1	1	1
XM_027373918.1	1	1	1	1
XM_027373919.1	1	1	1	1
XM_027373920.1	1	1	1	1
XM_027373932.1	1	1	1	1
XM_027373942.1	1	1	1	1
XM_027374002.1	1	1	1	1
XM_027374011.1	1	1	1	1
XM_027374054.1	1	1	1	1
XM_027374062.1	1	1	1	1
XM_027374071.1	1	1	1	1
XM_027374097.1	1	1	1	1
XM_027374105.1	1	1	1	1
XM_027374112.1	1	1	1	1
XM_027374114.1	1	1	1	1
XM_027374119.1	1	1	1	1
XM_027374164.1	1	1	1	1
XM_027374168.1	1	1	1	1
XM_027374173.1	1	1	1	1
XM_027374174.1	1	1	1	1
XM_027374209.1	1	1	1	1
XM_027374210.1	1	1	1	1
XM_027374211.1	1	1	1	1
XM_027374212.1	1	1	1	1
XM_027374214.1	1	1	1	1
XM_027374221.1	1	1	1	1
XM_027374222.1	1	1	1	1
XM_027374239.1	1	1	1	1
XM_027374249.1	1	1	1	1
XM_027374260.1	1	1	1	1
XM_027374295.1	1	1	1	1
XM_027374404.1	1	1	1	1
XM_027374406.1	1	1	1	1
XM_027374407.1	1	1	1	1
XM_027374470.1	1	1	1	1
XM_027374471.1	1	1	1	1
XM_027374493.1	1	1	1	1
XM_027374524.1	1	1	1	1
XM_027374563.1	1	1	1	1
XM_027374599.1	1	1	1	1
XM_027374625.1	1	1	1	1
XM_027374627.1	1	1	1	1
XM_027374690.1	1	1	1	1
XM_027374700.1	1	1	1	1
XM_027374701.1	1	1	1	1
XM_027374734.1	1	1	1	1
XM_027374785.1	1	1	1	1
XM_027374829.1	1	1	1	1
XM_027374901.1	1	1	1	1
XM_027374946.1	1	1	1	1
XM_027374947.1	1	1	1	1
XM_027374949.1	1	1	1	1
XM_027374996.1	1	1	1	1
XM_027374997.1	1	1	1	1
XM_027375003.1	1	1	1	1
XM_027375004.1	1	1	1	1
XM_027375035.1	1	1	1	1
XM_027375121.1	1	1	1	1
XM_027375123.1	1	1	1	1
XM_027375127.1	1	1	1	1
XM_027375138.1	1	1	1	1
XM_027375140.1	1	1	1	1
XM_027375152.1	1	1	1	1
XM_027375153.1	1	1	1	1
XM_027375155.1	1	1	1	1
XM_027375163.1	1	1	1	1
XM_027375174.1	1	1	1	1
XM_027375177.1	1	1	1	1
XM_027375185.1	1	1	1	1
XM_027375202.1	1	1	1	1
XM_027375204.1	1	1	1	1
XM_027375231.1	1	1	1	1
XM_027375255.1	1	1	1	1
XM_027375267.1	1	1	1	1
XM_027375269.1	1	1	1	1
XM_027375273.1	1	1	1	1
XM_027375277.1	1	1	1	1
XM_027375311.1	1	1	1	1
XM_027375315.1	1	1	1	1
XM_027375346.1	1	1	1	1
XM_027375347.1	1	1	1	1
XM_027375349.1	1	1	1	1
XM_027375350.1	1	1	1	1
XM_027375372.1	1	1	1	1
XM_027375465.1	1	1	1	1
XM_027375496.1	1	1	1	1
XM_027375497.1	1	1	1	1
XM_027375498.1	1	1	1	1
XM_027375499.1	1	1	1	1
XM_027375506.1	1	1	1	1
XM_027375548.1	1	1	1	1
XM_027375556.1	1	1	1	1
XM_027375557.1	1	1	1	1
XM_027375558.1	1	1	1	1
XM_027375559.1	1	1	1	1
XM_027375561.1	1	1	1	1
XM_027375562.1	1	1	1	1
XM_027375563.1	1	1	1	1
XM_027375564.1	1	1	1	1
XM_027375565.1	1	1	1	1
XM_027375566.1	1	1	1	1
XM_027375567.1	1	1	1	1
XM_027375568.1	1	1	1	1
XM_027375569.1	1	1	1	1
XM_027375571.1	1	1	1	1
XM_027375640.1	1	1	1	1
XM_027375673.1	1	1	1	1
XM_027375691.1	1	1	1	1
XM_027375715.1	1	1	1	1
XM_027375747.1	1	1	1	1
XM_027375752.1	1	1	1	1
XM_027375763.1	1	1	1	1
XM_027375768.1	1	1	1	1
XM_027375801.1	1	1	1	1
XM_027375852.1	1	1	1	1
XM_027375879.1	1	1	1	1
XM_027375880.1	1	1	1	1
XM_027375888.1	1	1	1	1
XM_027375889.1	1	1	1	1
XM_027375906.1	1	1	1	1
XM_027375915.1	1	1	1	1
XM_027375928.1	1	1	1	1
XM_027375947.1	1	1	1	1
XM_027375958.1	1	1	1	1
XM_027375982.1	1	1	1	1
XM_027375983.1	1	1	1	1
XM_027375998.1	1	1	1	1
XM_027376036.1	1	1	1	1
XM_027376042.1	1	1	1	1
XM_027376069.1	1	1	1	1
XM_027376101.1	1	1	1	1
XM_027376110.1	1	1	1	1
XM_027376111.1	1	1	1	1
XM_027376112.1	1	1	1	1
XM_027376122.1	1	1	1	1
XM_027376126.1	1	1	1	1
XM_027376161.1	1	1	1	1
XM_027376217.1	1	1	1	1
XM_027376268.1	1	1	1	1
XM_027376303.1	1	1	1	1
XM_027376320.1	1	1	1	1
XM_027376335.1	1	1	1	1
XM_027376336.1	1	1	1	1
XM_027376345.1	1	1	1	1
XM_027376346.1	1	1	1	1
XM_027376347.1	1	1	1	1
XM_027376348.1	1	1	1	1
XM_027376349.1	1	1	1	1
XM_027376350.1	1	1	1	1
XM_027376441.1	1	1	1	1
XM_027376470.1	1	1	1	1
XM_027376471.1	1	1	1	1
XM_027376477.1	1	1	1	1
XM_027376583.1	1	1	1	1
XM_027376585.1	1	1	1	1
XM_027376587.1	1	1	1	1
XM_027376588.1	1	1	1	1
XM_027376592.1	1	1	1	1
XM_027376621.1	1	1	1	1
XM_027376628.1	1	1	1	1
XM_027376633.1	1	1	1	1
XM_027376639.1	1	1	1	1
XM_027376645.1	1	1	1	1
XM_027376651.1	1	1	1	1
XM_027376658.1	1	1	1	1
XM_027376676.1	1	1	1	1
XM_027376678.1	1	1	1	1
XM_027376682.1	1	1	1	1
XM_027376688.1	1	1	1	1
XM_027376689.1	1	1	1	1
XM_027376735.1	1	1	1	1
XM_027376743.1	1	1	1	1
XM_027376762.1	1	1	1	1
XM_027376809.1	1	1	1	1
XM_027376810.1	1	1	1	1
XM_027376811.1	1	1	1	1
XM_027376812.1	1	1	1	1
XM_027376813.1	1	1	1	1
XM_027376818.1	1	1	1	1
XM_027376819.1	1	1	1	1
XM_027376870.1	1	1	1	1
XM_027376871.1	1	1	1	1
XM_027376898.1	1	1	1	1
XM_027376919.1	1	1	1	1
XM_027376937.1	1	1	1	1
XM_027376946.1	1	1	1	1
XM_027376952.1	1	1	1	1
XM_027376957.1	1	1	1	1
XM_027376963.1	1	1	1	1
XM_027376974.1	1	1	1	1
XM_027376975.1	1	1	1	1
XM_027376976.1	1	1	1	1
XM_027376977.1	1	1	1	1
XM_027376978.1	1	1	1	1
XM_027376979.1	1	1	1	1
XM_027376980.1	1	1	1	1
XM_027377003.1	1	1	1	1
XM_027377018.1	1	1	1	1
XM_027377021.1	1	1	1	1
XM_027377057.1	1	1	1	1
XM_027377058.1	1	1	1	1
XM_027377101.1	1	1	1	1
XM_027377104.1	1	1	1	1
XM_027377136.1	1	1	1	1
XM_027377153.1	1	1	1	1
XM_027377165.1	1	1	1	1
XM_027377176.1	1	1	1	1
XM_027377182.1	1	1	1	1
XM_027377193.1	1	1	1	1
XM_027377195.1	1	1	1	1
XM_027377198.1	1	1	1	1
XM_027377276.1	1	1	1	1
XM_027377280.1	1	1	1	1
XM_027377289.1	1	1	1	1
XM_027377291.1	1	1	1	1
XM_027377374.1	1	1	1	1
XM_027377376.1	1	1	1	1
XM_027377417.1	1	1	1	1
XM_027377422.1	1	1	1	1
XM_027377423.1	1	1	1	1
XM_027377425.1	1	1	1	1
XM_027377459.1	1	1	1	1
XM_027377460.1	1	1	1	1
XM_027377476.1	1	1	1	1
XM_027377477.1	1	1	1	1
XM_027377478.1	1	1	1	1
XM_027377479.1	1	1	1	1
XM_027377480.1	1	1	1	1
XM_027377481.1	1	1	1	1
XM_027377490.1	1	1	1	1
XM_027377492.1	1	1	1	1
XM_027377493.1	1	1	1	1
XM_027377495.1	1	1	1	1
XM_027377497.1	1	1	1	1
XM_027377539.1	1	1	1	1
XM_027377571.1	1	1	1	1
XM_027377572.1	1	1	1	1
XM_027377576.1	1	1	1	1
XM_027377587.1	1	1	1	1
XM_027377588.1	1	1	1	1
XM_027377648.1	1	1	1	1
XM_027377660.1	1	1	1	1
XM_027377680.1	1	1	1	1
XM_027377686.1	1	1	1	1
XM_027377687.1	1	1	1	1
XM_027377773.1	1	1	1	1
XM_027377774.1	1	1	1	1
XM_027377775.1	1	1	1	1
XM_027377777.1	1	1	1	1
XM_027377778.1	1	1	1	1
XM_027377788.1	1	1	1	1
XM_027377829.1	1	1	1	1
XM_027377882.1	1	1	1	1
XM_027377900.1	1	1	1	1
XM_027377945.1	1	1	1	1
XM_027377946.1	1	1	1	1
XM_027377969.1	1	1	1	1
XM_027377985.1	1	1	1	1
XM_027377987.1	1	1	1	1
XM_027378012.1	1	1	1	1
XM_027378022.1	1	1	1	1
XM_027378026.1	1	1	1	1
XM_027378066.1	1	1	1	1
XM_027378126.1	1	1	1	1
XM_027378214.1	1	1	1	1
XM_027378245.1	1	1	1	1
XM_027378246.1	1	1	1	1
XM_027378291.1	1	1	1	1
XM_027378320.1	1	1	1	1
XM_027378347.1	1	1	1	1
XM_027378360.1	1	1	1	1
XM_027378454.1	1	1	1	1
XM_027378475.1	1	1	1	1
XM_027378483.1	1	1	1	1
XM_027378484.1	1	1	1	1
XM_027378511.1	1	1	1	1
XM_027378518.1	1	1	1	1
XM_027378521.1	1	1	1	1
XM_027378558.1	1	1	1	1
XM_027378566.1	1	1	1	1
XM_027378659.1	1	1	1	1
XM_027378660.1	1	1	1	1
XM_027378663.1	1	1	1	1
XM_027378686.1	1	1	1	1
XM_027378702.1	1	1	1	1
XM_027378704.1	1	1	1	1
XM_027378706.1	1	1	1	1
XM_027378719.1	1	1	1	1
XM_027378720.1	1	1	1	1
XM_027378721.1	1	1	1	1
XM_027378766.1	1	1	1	1
XM_027378798.1	1	1	1	1
XM_027378817.1	1	1	1	1
XM_027378848.1	1	1	1	1
XM_027378876.1	1	1	1	1
XM_027378881.1	1	1	1	1
XM_027378883.1	1	1	1	1
XM_027378903.1	1	1	1	1
XM_027378935.1	1	1	1	1
XM_027379022.1	1	1	1	1
XM_027379023.1	1	1	1	1
XM_027379024.1	1	1	1	1
XM_027379026.1	1	1	1	1
XM_027379027.1	1	1	1	1
XM_027379036.1	1	1	1	1
XM_027379062.1	1	1	1	1
XM_027379072.1	1	1	1	1
XM_027379080.1	1	1	1	1
XM_027379081.1	1	1	1	1
XM_027379123.1	1	1	1	1
XM_027379126.1	1	1	1	1
XM_027379130.1	1	1	1	1
XM_027379136.1	1	1	1	1
XM_027379137.1	1	1	1	1
XM_027379138.1	1	1	1	1
XM_027379147.1	1	1	1	1
XM_027379223.1	1	1	1	1
XM_027379226.1	1	1	1	1
XM_027379227.1	1	1	1	1
XM_027379252.1	1	1	1	1
XM_027379263.1	1	1	1	1
XM_027379264.1	1	1	1	1
XM_027379278.1	1	1	1	1
XM_027379285.1	1	1	1	1
XM_027379437.1	1	1	1	1
XM_027379462.1	1	1	1	1
XM_027379475.1	1	1	1	1
XM_027379528.1	1	1	1	1
XM_027379583.1	1	1	1	1
XM_027379624.1	1	1	1	1
XM_027379666.1	1	1	1	1
XM_027379675.1	1	1	1	1
XM_027379680.1	1	1	1	1
XM_027379709.1	1	1	1	1
XM_027379728.1	1	1	1	1
XM_027379754.1	1	1	1	1
XM_027379768.1	1	1	1	1
XM_027379770.1	1	1	1	1
XM_027379779.1	1	1	1	1
XM_027379780.1	1	1	1	1
XM_027379781.1	1	1	1	1
XM_027379783.1	1	1	1	1
XM_027379845.1	1	1	1	1
XM_027379857.1	1	1	1	1
XM_027379858.1	1	1	1	1
XM_027379859.1	1	1	1	1
XM_027379877.1	1	1	1	1
XM_027379899.1	1	1	1	1
XM_027379900.1	1	1	1	1
XM_027379911.1	1	1	1	1
XM_027379913.1	1	1	1	1
XM_027379914.1	1	1	1	1
XM_027379937.1	1	1	1	1
XM_027379965.1	1	1	1	1
XM_027379981.1	1	1	1	1
XM_027379982.1	1	1	1	1
XM_027379986.1	1	1	1	1
XM_027379995.1	1	1	1	1
XM_027380004.1	1	1	1	1
XM_027380007.1	1	1	1	1
XM_027380097.1	1	1	1	1
XM_027380100.1	1	1	1	1
XM_027380102.1	1	1	1	1
XM_027380116.1	1	1	1	1
XM_027380139.1	1	1	1	1
XM_027380144.1	1	1	1	1
XM_027380183.1	1	1	1	1
XM_027380184.1	1	1	1	1
XM_027380201.1	1	1	1	1
XM_027380208.1	1	1	1	1
XM_027380214.1	1	1	1	1
XM_027380238.1	1	1	1	1
XM_027380241.1	1	1	1	1
XM_027380245.1	1	1	1	1
XM_027380246.1	1	1	1	1
XM_027380256.1	1	1	1	1
XM_027380306.1	1	1	1	1
XM_027380310.1	1	1	1	1
XM_027380316.1	1	1	1	1
XM_027380373.1	1	1	1	1
XM_027380374.1	1	1	1	1
XM_027380392.1	1	1	1	1
XM_027380429.1	1	1	1	1
XM_027380481.1	1	1	1	1
XM_027380482.1	1	1	1	1
XM_027380489.1	1	1	1	1
XM_027380503.1	1	1	1	1
XM_027380504.1	1	1	1	1
XM_027380505.1	1	1	1	1
XM_027380506.1	1	1	1	1
XM_027380524.1	1	1	1	1
XM_027380564.1	1	1	1	1
XM_027380589.1	1	1	1	1
XM_027380590.1	1	1	1	1
XM_027380601.1	1	1	1	1
XM_027380647.1	1	1	1	1
XM_027380707.1	1	1	1	1
XM_027380712.1	1	1	1	1
XM_027380791.1	1	1	1	1
XM_027380829.1	1	1	1	1
XM_027380831.1	1	1	1	1
XM_027380884.1	1	1	1	1
XM_027380893.1	1	1	1	1
XM_027380936.1	1	1	1	1
XM_027380942.1	1	1	1	1
XM_027380982.1	1	1	1	1
XM_027381022.1	1	1	1	1
XM_027381034.1	1	1	1	1
XM_027381063.1	1	1	1	1
XM_027381064.1	1	1	1	1
XM_027381098.1	1	1	1	1
XM_027381132.1	1	1	1	1
XM_027381140.1	1	1	1	1
XM_027381171.1	1	1	1	1
XM_027381172.1	1	1	1	1
XM_027381182.1	1	1	1	1
XM_027381219.1	1	1	1	1
XM_027381226.1	1	1	1	1
XM_027381232.1	1	1	1	1
XM_027381313.1	1	1	1	1
XM_027381337.1	1	1	1	1
XM_027381338.1	1	1	1	1
XM_027381341.1	1	1	1	1
XM_027381346.1	1	1	1	1
XM_027381351.1	1	1	1	1
XM_027381353.1	1	1	1	1
XM_027381374.1	1	1	1	1
XM_027381376.1	1	1	1	1
XM_027381381.1	1	1	1	1
XM_027381408.1	1	1	1	1
XM_027381409.1	1	1	1	1
XM_027381422.1	1	1	1	1
XM_027381443.1	1	1	1	1
XM_027381447.1	1	1	1	1
XM_027381467.1	1	1	1	1
XM_027381567.1	1	1	1	1
XM_027381569.1	1	1	1	1
XM_027381593.1	1	1	1	1
XM_027381613.1	1	1	1	1
XM_027381617.1	1	1	1	1
XM_027381641.1	1	1	1	1
XM_027381664.1	1	1	1	1
XM_027381670.1	1	1	1	1
XM_027381707.1	1	1	1	1
XM_027381708.1	1	1	1	1
XM_027381709.1	1	1	1	1
XM_027381710.1	1	1	1	1
XM_027381739.1	1	1	1	1
XM_027381750.1	1	1	1	1
XM_027381752.1	1	1	1	1
XM_027381768.1	1	1	1	1
XM_027381769.1	1	1	1	1
XM_027381851.1	1	1	1	1
XM_027381853.1	1	1	1	1
XM_027381854.1	1	1	1	1
XM_027381855.1	1	1	1	1
XM_027381861.1	1	1	1	1
XM_027381865.1	1	1	1	1
XM_027381866.1	1	1	1	1
XM_027381899.1	1	1	1	1
XM_027381912.1	1	1	1	1
XM_027381919.1	1	1	1	1
XM_027381929.1	1	1	1	1
XM_027381936.1	1	1	1	1
XM_027382022.1	1	1	1	1
XM_027382023.1	1	1	1	1
XM_027382024.1	1	1	1	1
XM_027382025.1	1	1	1	1
XM_027382050.1	1	1	1	1
XM_027382075.1	1	1	1	1
XM_027382110.1	1	1	1	1
XM_027382145.1	1	1	1	1
XM_027382149.1	1	1	1	1
XM_027382194.1	1	1	1	1
XM_027382195.1	1	1	1	1
XM_027382215.1	1	1	1	1
XM_027382258.1	1	1	1	1
XM_027382259.1	1	1	1	1
XM_027382336.1	1	1	1	1
XM_027382341.1	1	1	1	1
XM_027382355.1	1	1	1	1
XM_027382356.1	1	1	1	1
XM_027382364.1	1	1	1	1
XM_027382372.1	1	1	1	1
XM_027382373.1	1	1	1	1
XM_027382380.1	1	1	1	1
XM_027382389.1	1	1	1	1
XM_027382411.1	1	1	1	1
XM_027382611.1	1	1	1	1
XM_027382613.1	1	1	1	1
XM_027382615.1	1	1	1	1
XM_027382620.1	1	1	1	1
XM_027382621.1	1	1	1	1
XM_027382633.1	1	1	1	1
XM_027382639.1	1	1	1	1
XM_027382644.1	1	1	1	1
XM_027382656.1	1	1	1	1
XM_027382666.1	1	1	1	1
XM_027382710.1	1	1	1	1
XM_027382711.1	1	1	1	1
XM_027382713.1	1	1	1	1
XM_027382714.1	1	1	1	1
XM_027382715.1	1	1	1	1
XM_027382860.1	1	1	1	1
XM_027382881.1	1	1	1	1
XM_027382902.1	1	1	1	1
XM_027382907.1	1	1	1	1
XM_027382961.1	1	1	1	1
XM_027383009.1	1	1	1	1
XM_027383041.1	1	1	1	1
XM_027383051.1	1	1	1	1
XM_027383058.1	1	1	1	1
XM_027383063.1	1	1	1	1
XM_027383075.1	1	1	1	1
XM_027383104.1	1	1	1	1
XM_027383119.1	1	1	1	1
XM_027383134.1	1	1	1	1
XM_027383147.1	1	1	1	1
XM_027383148.1	1	1	1	1
XM_027383149.1	1	1	1	1
XM_027383150.1	1	1	1	1
XM_027383151.1	1	1	1	1
XM_027383156.1	1	1	1	1
XM_027383159.1	1	1	1	1
XM_027383160.1	1	1	1	1
XM_027383169.1	1	1	1	1
XM_027383175.1	1	1	1	1
XM_027383196.1	1	1	1	1
XM_027383199.1	1	1	1	1
XM_027383205.1	1	1	1	1
XM_027383217.1	1	1	1	1
XM_027383218.1	1	1	1	1
XM_027383219.1	1	1	1	1
XM_027383237.1	1	1	1	1
XM_027383239.1	1	1	1	1
XM_027383252.1	1	1	1	1
XM_027383284.1	1	1	1	1
XM_027383314.1	1	1	1	1
XM_027383315.1	1	1	1	1
XM_027383320.1	1	1	1	1
XM_027383322.1	1	1	1	1
XM_027383333.1	1	1	1	1
XM_027383334.1	1	1	1	1
XM_027383340.1	1	1	1	1
XM_027383341.1	1	1	1	1
XM_027383343.1	1	1	1	1
XM_027383347.1	1	1	1	1
XM_027383353.1	1	1	1	1
XM_027383354.1	1	1	1	1
XM_027383517.1	1	1	1	1
XM_027383528.1	1	1	1	1
XM_027383541.1	1	1	1	1
XM_027383588.1	1	1	1	1
XM_027383603.1	1	1	1	1
XM_027383637.1	1	1	1	1
XM_027383657.1	1	1	1	1
XM_027383659.1	1	1	1	1
XM_027383660.1	1	1	1	1
XM_027383661.1	1	1	1	1
XM_027383663.1	1	1	1	1
XM_027383664.1	1	1	1	1
XM_027383680.1	1	1	1	1
XM_027383714.1	1	1	1	1
XM_027383718.1	1	1	1	1
XM_027383722.1	1	1	1	1
XM_027383746.1	1	1	1	1
XM_027383751.1	1	1	1	1
XM_027383773.1	1	1	1	1
XM_027383817.1	1	1	1	1
XR_003474915.1	1	1	1	1
XR_003474917.1	1	1	1	1
XR_003475382.1	1	1	1	1
XR_003475422.1	1	1	1	1
XR_003475477.1	1	1	1	1
XR_003475501.1	1	1	1	1
XR_003475503.1	1	1	1	1
XR_003475591.1	1	1	1	1
XR_003475592.1	1	1	1	1
XR_003475606.1	1	1	1	1
XR_003475651.1	1	1	1	1
XR_003475680.1	1	1	1	1
XR_003475688.1	1	1	1	1
XR_003475692.1	1	1	1	1
XR_003475725.1	1	1	1	1
XR_003475788.1	1	1	1	1
XR_003475799.1	1	1	1	1
XR_003475818.1	1	1	1	1
XR_003475823.1	1	1	1	1
XR_003475827.1	1	1	1	1
XR_003475830.1	1	1	1	1
XR_003475856.1	1	1	1	1
XR_003475857.1	1	1	1	1
XR_003475869.1	1	1	1	1
XR_003475896.1	1	1	1	1
XR_003475914.1	1	1	1	1
XR_003476032.1	1	1	1	1
XR_003476037.1	1	1	1	1
XR_003476071.1	1	1	1	1
XR_003476109.1	1	1	1	1
XR_003476132.1	1	1	1	1
XR_003476142.1	1	1	1	1
XR_003476151.1	1	1	1	1
XR_003476160.1	1	1	1	1
XR_003476205.1	1	1	1	1
XR_003476256.1	1	1	1	1
XR_003476309.1	1	1	1	1
XR_003476318.1	1	1	1	1
XR_003476320.1	1	1	1	1
XR_003476465.1	1	1	1	1
XR_003476559.1	1	1	1	1
XR_003476574.1	1	1	1	1
XR_003476575.1	1	1	1	1
XR_003476653.1	1	1	1	1
XR_003476655.1	1	1	1	1
XR_003476656.1	1	1	1	1
XR_003476659.1	1	1	1	1
XR_003476667.1	1	1	1	1
XR_003476669.1	1	1	1	1
XR_003476670.1	1	1	1	1
XR_003476672.1	1	1	1	1
XR_003476673.1	1	1	1	1
XR_003476675.1	1	1	1	1
XR_003476677.1	1	1	1	1
XR_003476679.1	1	1	1	1
XR_003476680.1	1	1	1	1
XR_003476715.1	1	1	1	1
XR_003476716.1	1	1	1	1
XR_003476770.1	1	1	1	1
XR_003476775.1	1	1	1	1
XR_003476806.1	1	1	1	1
XR_003476820.1	1	1	1	1
XR_003476825.1	1	1	1	1
XR_003476853.1	1	1	1	1
XR_003476908.1	1	1	1	1
XR_003477009.1	1	1	1	1
XR_003477013.1	1	1	1	1
XR_003477015.1	1	1	1	1
XR_003477060.1	1	1	1	1
XR_003477119.1	1	1	1	1
XR_003477136.1	1	1	1	1
XR_003477145.1	1	1	1	1
XR_003477164.1	1	1	1	1
XR_003477170.1	1	1	1	1
XR_003477171.1	1	1	1	1
XR_003477176.1	1	1	1	1
XR_003477191.1	1	1	1	1
XR_003477192.1	1	1	1	1
XR_003477213.1	1	1	1	1
XR_003477272.1	1	1	1	1
XR_003477337.1	1	1	1	1
XR_003477346.1	1	1	1	1
XR_003477366.1	1	1	1	1
XR_003477367.1	1	1	1	1
XR_003477368.1	1	1	1	1
XR_003477377.1	1	1	1	1
XR_003477417.1	1	1	1	1
XR_003477437.1	1	1	1	1
XR_003477480.1	1	1	1	1
XR_003477511.1	1	1	1	1
XR_003477518.1	1	1	1	1
XR_003477519.1	1	1	1	1
XR_003477520.1	1	1	1	1
XR_003477542.1	1	1	1	1
XR_003477583.1	1	1	1	1
XR_003477590.1	1	1	1	1
XR_003477592.1	1	1	1	1
XR_003477593.1	1	1	1	1
XR_003477617.1	1	1	1	1
XR_003477627.1	1	1	1	1
XR_003477647.1	1	1	1	1
XR_003477648.1	1	1	1	1
XR_003477695.1	1	1	1	1
XR_003477729.1	1	1	1	1
XR_003477801.1	1	1	1	1
XR_003477866.1	1	1	1	1
XR_003477876.1	1	1	1	1
XR_003477939.1	1	1	1	1
XR_003477966.1	1	1	1	1
XR_003477979.1	1	1	1	1
XM_027350607.1	0	1	1	1
XM_027350614.1	0	1	1	1
XM_027350615.1	0	1	1	1
XM_027350646.1	0	1	1	1
XM_027350658.1	0	1	1	1
XM_027350793.1	0	1	1	1
XM_027350882.1	1	0	1	1
XM_027351020.1	0	1	1	1
XM_027351232.1	0	1	1	1
XM_027351279.1	0	1	1	1
XM_027351415.1	0	1	1	1
XM_027351480.1	0	1	1	1
XM_027351591.1	0	1	1	1
XM_027351628.1	0	1	1	1
XM_027351629.1	0	1	1	1
XM_027351630.1	0	1	1	1
XM_027351843.1	0	1	1	1
XM_027351980.1	0	1	1	1
XM_027351988.1	0	1	1	1
XM_027352110.1	0	1	1	1
XM_027352147.1	0	1	1	1
XM_027352202.1	0	1	1	1
XM_027352258.1	0	1	1	1
XM_027352259.1	0	1	1	1
XM_027352352.1	1	1	1	0
XM_027352512.1	1	1	1	0
XM_027352531.1	0	1	1	1
XM_027352667.1	0	1	1	1
XM_027352675.1	0	1	1	1
XM_027352886.1	0	1	1	1
XM_027352987.1	0	1	1	1
XM_027353084.1	0	1	1	1
XM_027353116.1	0	1	1	1
XM_027353225.1	0	1	1	1
XM_027353273.1	0	1	1	1
XM_027353352.1	0	1	1	1
XM_027353433.1	0	1	1	1
XM_027353505.1	0	1	1	1
XM_027353531.1	0	1	1	1
XM_027353746.1	0	1	1	1
XM_027353780.1	0	1	1	1
XM_027353781.1	0	1	1	1
XM_027353839.1	0	1	1	1
XM_027353840.1	0	1	1	1
XM_027353953.1	0	1	1	1
XM_027353970.1	0	1	1	1
XM_027354129.1	0	1	1	1
XM_027354153.1	0	1	1	1
XM_027354254.1	0	1	1	1
XM_027354473.1	0	1	1	1
XM_027354494.1	0	1	1	1
XM_027354495.1	0	1	1	1
XM_027354606.1	0	1	1	1
XM_027354650.1	0	1	1	1
XM_027354943.1	0	1	1	1
XM_027354995.1	0	1	1	1
XM_027355000.1	0	1	1	1
XM_027355231.1	0	1	1	1
XM_027355237.1	0	1	1	1
XM_027355621.1	0	1	1	1
XM_027355641.1	0	1	1	1
XM_027355702.1	0	1	1	1
XM_027355992.1	0	1	1	1
XM_027356016.1	0	1	1	1
XM_027356021.1	1	1	1	0
XM_027356090.1	0	1	1	1
XM_027356267.1	0	1	1	1
XM_027356268.1	0	1	1	1
XM_027356269.1	0	1	1	1
XM_027356274.1	0	1	1	1
XM_027356298.1	0	1	1	1
XM_027356341.1	0	1	1	1
XM_027356385.1	0	1	1	1
XM_027356392.1	0	1	1	1
XM_027356447.1	0	1	1	1
XM_027356448.1	0	1	1	1
XM_027356450.1	0	1	1	1
XM_027356611.1	1	1	1	0
XM_027356727.1	0	1	1	1
XM_027356881.1	0	1	1	1
XM_027356916.1	0	1	1	1
XM_027357116.1	0	1	1	1
XM_027357133.1	0	1	1	1
XM_027357143.1	0	1	1	1
XM_027357166.1	0	1	1	1
XM_027357195.1	0	1	1	1
XM_027357249.1	0	1	1	1
XM_027357250.1	0	1	1	1
XM_027357251.1	0	1	1	1
XM_027357252.1	0	1	1	1
XM_027357392.1	0	1	1	1
XM_027357393.1	0	1	1	1
XM_027357428.1	0	1	1	1
XM_027357634.1	0	1	1	1
XM_027358224.1	0	1	1	1
XM_027358225.1	0	1	1	1
XM_027358246.1	0	1	1	1
XM_027358252.1	0	1	1	1
XM_027358301.1	1	0	1	1
XM_027358357.1	0	1	1	1
XM_027358508.1	0	1	1	1
XM_027358700.1	0	1	1	1
XM_027358776.1	0	1	1	1
XM_027358813.1	0	1	1	1
XM_027358920.1	0	1	1	1
XM_027359018.1	0	1	1	1
XM_027359019.1	0	1	1	1
XM_027359085.1	0	1	1	1
XM_027359086.1	0	1	1	1
XM_027359127.1	0	1	1	1
XM_027359171.1	0	1	1	1
XM_027359256.1	0	1	1	1
XM_027359293.1	0	1	1	1
XM_027359451.1	0	1	1	1
XM_027359676.1	0	1	1	1
XM_027359731.1	0	1	1	1
XM_027359741.1	0	1	1	1
XM_027359976.1	0	1	1	1
XM_027359977.1	0	1	1	1
XM_027360064.1	0	1	1	1
XM_027360200.1	0	1	1	1
XM_027360404.1	1	0	1	1
XM_027360440.1	0	1	1	1
XM_027360452.1	0	1	1	1
XM_027360565.1	0	1	1	1
XM_027360654.1	0	1	1	1
XM_027360948.1	0	1	1	1
XM_027361034.1	0	1	1	1
XM_027361035.1	0	1	1	1
XM_027361038.1	0	1	1	1
XM_027361199.1	0	1	1	1
XM_027361617.1	0	1	1	1
XM_027361660.1	0	1	1	1
XM_027361663.1	0	1	1	1
XM_027361680.1	0	1	1	1
XM_027361935.1	0	1	1	1
XM_027362072.1	0	1	1	1
XM_027362157.1	0	1	1	1
XM_027362198.1	0	1	1	1
XM_027362280.1	0	1	1	1
XM_027362440.1	0	1	1	1
XM_027362478.1	0	1	1	1
XM_027362705.1	1	0	1	1
XM_027362715.1	0	1	1	1
XM_027362845.1	1	1	0	1
XM_027363009.1	1	1	1	0
XM_027363020.1	0	1	1	1
XM_027363028.1	0	1	1	1
XM_027363034.1	0	1	1	1
XM_027363190.1	0	1	1	1
XM_027363317.1	0	1	1	1
XM_027363318.1	0	1	1	1
XM_027363443.1	0	1	1	1
XM_027363761.1	0	1	1	1
XM_027363774.1	1	0	1	1
XM_027363806.1	0	1	1	1
XM_027363909.1	0	1	1	1
XM_027363944.1	0	1	1	1
XM_027363945.1	0	1	1	1
XM_027364132.1	0	1	1	1
XM_027364239.1	0	1	1	1
XM_027364592.1	0	1	1	1
XM_027364642.1	0	1	1	1
XM_027364650.1	0	1	1	1
XM_027364784.1	0	1	1	1
XM_027364916.1	0	1	1	1
XM_027364917.1	0	1	1	1
XM_027364919.1	0	1	1	1
XM_027365018.1	1	1	1	0
XM_027365255.1	0	1	1	1
XM_027365348.1	0	1	1	1
XM_027365435.1	0	1	1	1
XM_027365547.1	0	1	1	1
XM_027365567.1	0	1	1	1
XM_027365614.1	0	1	1	1
XM_027365675.1	1	1	1	0
XM_027365796.1	0	1	1	1
XM_027366047.1	0	1	1	1
XM_027366048.1	1	0	1	1
XM_027366056.1	0	1	1	1
XM_027366270.1	0	1	1	1
XM_027366569.1	0	1	1	1
XM_027366574.1	0	1	1	1
XM_027366617.1	0	1	1	1
XM_027366618.1	0	1	1	1
XM_027366620.1	0	1	1	1
XM_027366699.1	0	1	1	1
XM_027366797.1	0	1	1	1
XM_027367150.1	0	1	1	1
XM_027367212.1	0	1	1	1
XM_027367213.1	0	1	1	1
XM_027367226.1	0	1	1	1
XM_027367231.1	0	1	1	1
XM_027367318.1	0	1	1	1
XM_027367364.1	0	1	1	1
XM_027367457.1	0	1	1	1
XM_027367705.1	0	1	1	1
XM_027367712.1	0	1	1	1
XM_027367818.1	0	1	1	1
XM_027367826.1	0	1	1	1
XM_027367864.1	0	1	1	1
XM_027367923.1	0	1	1	1
XM_027368034.1	0	1	1	1
XM_027368041.1	0	1	1	1
XM_027368084.1	1	1	0	1
XM_027368160.1	0	1	1	1
XM_027368262.1	0	1	1	1
XM_027368273.1	0	1	1	1
XM_027368306.1	0	1	1	1
XM_027368408.1	0	1	1	1
XM_027368489.1	0	1	1	1
XM_027368519.1	0	1	1	1
XM_027368567.1	0	1	1	1
XM_027368745.1	0	1	1	1
XM_027368830.1	1	1	1	0
XM_027368876.1	0	1	1	1
XM_027368913.1	0	1	1	1
XM_027368956.1	0	1	1	1
XM_027368960.1	0	1	1	1
XM_027369082.1	0	1	1	1
XM_027369148.1	0	1	1	1
XM_027369157.1	0	1	1	1
XM_027369358.1	0	1	1	1
XM_027369385.1	0	1	1	1
XM_027369386.1	0	1	1	1
XM_027369387.1	0	1	1	1
XM_027369393.1	0	1	1	1
XM_027369497.1	0	1	1	1
XM_027369503.1	0	1	1	1
XM_027369517.1	0	1	1	1
XM_027369583.1	0	1	1	1
XM_027369757.1	0	1	1	1
XM_027369777.1	0	1	1	1
XM_027369930.1	0	1	1	1
XM_027369978.1	0	1	1	1
XM_027369980.1	0	1	1	1
XM_027369981.1	0	1	1	1
XM_027369983.1	0	1	1	1
XM_027369994.1	0	1	1	1
XM_027370015.1	0	1	1	1
XM_027370051.1	1	0	1	1
XM_027370114.1	0	1	1	1
XM_027370204.1	1	0	1	1
XM_027370240.1	0	1	1	1
XM_027370288.1	0	1	1	1
XM_027370376.1	0	1	1	1
XM_027370429.1	0	1	1	1
XM_027370453.1	0	1	1	1
XM_027370454.1	0	1	1	1
XM_027370470.1	0	1	1	1
XM_027370604.1	0	1	1	1
XM_027370693.1	0	1	1	1
XM_027370838.1	0	1	1	1
XM_027370928.1	0	1	1	1
XM_027371064.1	0	1	1	1
XM_027371183.1	0	1	1	1
XM_027371195.1	1	1	0	1
XM_027371221.1	0	1	1	1
XM_027371431.1	0	1	1	1
XM_027371446.1	0	1	1	1
XM_027371501.1	0	1	1	1
XM_027371581.1	0	1	1	1
XM_027371747.1	0	1	1	1
XM_027371769.1	0	1	1	1
XM_027371772.1	0	1	1	1
XM_027371926.1	0	1	1	1
XM_027372016.1	0	1	1	1
XM_027372059.1	0	1	1	1
XM_027372256.1	0	1	1	1
XM_027372346.1	0	1	1	1
XM_027372386.1	0	1	1	1
XM_027372425.1	0	1	1	1
XM_027372426.1	0	1	1	1
XM_027372507.1	0	1	1	1
XM_027372621.1	0	1	1	1
XM_027372774.1	0	1	1	1
XM_027372790.1	0	1	1	1
XM_027372864.1	1	0	1	1
XM_027372950.1	0	1	1	1
XM_027373023.1	0	1	1	1
XM_027373037.1	0	1	1	1
XM_027373038.1	1	0	1	1
XM_027373066.1	0	1	1	1
XM_027373245.1	1	1	0	1
XM_027373247.1	1	1	0	1
XM_027373259.1	0	1	1	1
XM_027373455.1	0	1	1	1
XM_027373492.1	0	1	1	1
XM_027373655.1	0	1	1	1
XM_027373822.1	0	1	1	1
XM_027373914.1	0	1	1	1
XM_027373933.1	0	1	1	1
XM_027374257.1	0	1	1	1
XM_027374641.1	0	1	1	1
XM_027374877.1	0	1	1	1
XM_027374913.1	0	1	1	1
XM_027374942.1	0	1	1	1
XM_027374951.1	0	1	1	1
XM_027375286.1	0	1	1	1
XM_027375296.1	0	1	1	1
XM_027375317.1	0	1	1	1
XM_027375411.1	0	1	1	1
XM_027375528.1	0	1	1	1
XM_027375529.1	0	1	1	1
XM_027375661.1	0	1	1	1
XM_027375672.1	0	1	1	1
XM_027375674.1	1	1	0	1
XM_027375791.1	0	1	1	1
XM_027375850.1	0	1	1	1
XM_027375853.1	0	1	1	1
XM_027375876.1	0	1	1	1
XM_027375931.1	0	1	1	1
XM_027375963.1	0	1	1	1
XM_027376030.1	0	1	1	1
XM_027376084.1	0	1	1	1
XM_027376274.1	0	1	1	1
XM_027376275.1	0	1	1	1
XM_027376436.1	0	1	1	1
XM_027376584.1	0	1	1	1
XM_027376586.1	0	1	1	1
XM_027376661.1	0	1	1	1
XM_027376667.1	0	1	1	1
XM_027376677.1	0	1	1	1
XM_027376690.1	0	1	1	1
XM_027376790.1	1	0	1	1
XM_027377099.1	0	1	1	1
XM_027377314.1	0	1	1	1
XM_027377321.1	0	1	1	1
XM_027377331.1	0	1	1	1
XM_027377366.1	0	1	1	1
XM_027377377.1	0	1	1	1
XM_027377426.1	1	0	1	1
XM_027377474.1	0	1	1	1
XM_027377482.1	0	1	1	1
XM_027377681.1	0	1	1	1
XM_027377689.1	0	1	1	1
XM_027377708.1	0	1	1	1
XM_027377941.1	0	1	1	1
XM_027377942.1	0	1	1	1
XM_027377943.1	0	1	1	1
XM_027377944.1	0	1	1	1
XM_027378020.1	0	1	1	1
XM_027378034.1	0	1	1	1
XM_027378044.1	0	1	1	1
XM_027378048.1	0	1	1	1
XM_027378092.1	0	1	1	1
XM_027378098.1	0	1	1	1
XM_027378119.1	0	1	1	1
XM_027378137.1	0	1	1	1
XM_027378352.1	0	1	1	1
XM_027378480.1	0	1	1	1
XM_027378499.1	0	1	1	1
XM_027378517.1	0	1	1	1
XM_027378575.1	0	1	1	1
XM_027378576.1	0	1	1	1
XM_027378691.1	0	1	1	1
XM_027378974.1	0	1	1	1
XM_027378976.1	0	1	1	1
XM_027379048.1	0	1	1	1
XM_027379065.1	0	1	1	1
XM_027379289.1	0	1	1	1
XM_027379290.1	0	1	1	1
XM_027379291.1	0	1	1	1
XM_027379292.1	0	1	1	1
XM_027379293.1	0	1	1	1
XM_027379294.1	0	1	1	1
XM_027379397.1	0	1	1	1
XM_027379485.1	0	1	1	1
XM_027379527.1	0	1	1	1
XM_027379553.1	0	1	1	1
XM_027379554.1	0	1	1	1
XM_027379555.1	0	1	1	1
XM_027379556.1	0	1	1	1
XM_027379566.1	0	1	1	1
XM_027379614.1	0	1	1	1
XM_027379755.1	0	1	1	1
XM_027380149.1	0	1	1	1
XM_027380150.1	0	1	1	1
XM_027380217.1	0	1	1	1
XM_027380232.1	0	1	1	1
XM_027380257.1	0	1	1	1
XM_027380278.1	0	1	1	1
XM_027380313.1	0	1	1	1
XM_027380334.1	0	1	1	1
XM_027380335.1	0	1	1	1
XM_027380340.1	0	1	1	1
XM_027380867.1	0	1	1	1
XM_027380996.1	0	1	1	1
XM_027381085.1	0	1	1	1
XM_027381099.1	0	1	1	1
XM_027381105.1	0	1	1	1
XM_027381122.1	0	1	1	1
XM_027381364.1	0	1	1	1
XM_027381478.1	0	1	1	1
XM_027381501.1	0	1	1	1
XM_027381581.1	0	1	1	1
XM_027381711.1	0	1	1	1
XM_027381733.1	0	1	1	1
XM_027381745.1	0	1	1	1
XM_027381834.1	0	1	1	1
XM_027381867.1	0	1	1	1
XM_027382190.1	0	1	1	1
XM_027382347.1	0	1	1	1
XM_027382640.1	0	1	1	1
XM_027382676.1	0	1	1	1
XM_027382698.1	0	1	1	1
XM_027382903.1	0	1	1	1
XM_027382921.1	0	1	1	1
XM_027383081.1	0	1	1	1
XM_027383260.1	0	1	1	1
XM_027383261.1	0	1	1	1
XM_027383313.1	0	1	1	1
XM_027383317.1	0	1	1	1
XM_027383342.1	0	1	1	1
XM_027383410.1	0	1	1	1
XM_027383440.1	0	1	1	1
XM_027383441.1	0	1	1	1
XM_027383539.1	0	1	1	1
XR_003474914.1	0	1	1	1
XR_003475491.1	0	1	1	1
XR_003475758.1	0	1	1	1
XR_003475759.1	0	1	1	1
XR_003475806.1	1	1	1	0
XR_003475816.1	0	1	1	1
XR_003475854.1	0	1	1	1
XR_003475973.1	0	1	1	1
XR_003475974.1	0	1	1	1
XR_003475980.1	0	1	1	1
XR_003476094.1	0	1	1	1
XR_003476257.1	0	1	1	1
XR_003476601.1	0	1	1	1
XR_003476650.1	0	1	1	1
XR_003476652.1	0	1	1	1
XR_003476660.1	0	1	1	1
XR_003476661.1	0	1	1	1
XR_003476663.1	0	1	1	1
XR_003476666.1	0	1	1	1
XR_003476708.1	0	1	1	1
XR_003476718.1	1	1	1	0
XR_003476794.1	0	1	1	1
XR_003476921.1	0	1	1	1
XR_003476923.1	0	1	1	1
XR_003476970.1	0	1	1	1
XR_003476983.1	0	1	1	1
XR_003476994.1	1	1	1	0
XR_003477220.1	0	1	1	1
XR_003477491.1	0	1	1	1
XR_003477661.1	0	1	1	1
XR_003477731.1	0	1	1	1
XM_027350628.1	0	0	1	1
XM_027350774.1	1	0	0	1
XM_027350797.1	1	1	0	0
XM_027352368.1	1	0	0	1
XM_027352456.1	0	1	0	1
XM_027353114.1	0	0	1	1
XM_027353925.1	0	1	0	1
XM_027354009.1	1	1	0	0
XM_027354152.1	0	0	1	1
XM_027354276.1	0	0	1	1
XM_027354779.1	1	1	0	0
XM_027354783.1	0	1	0	1
XM_027354817.1	0	1	0	1
XM_027355498.1	0	0	1	1
XM_027355926.1	0	0	1	1
XM_027356096.1	0	1	0	1
XM_027356265.1	0	0	1	1
XM_027356270.1	0	0	1	1
XM_027356271.1	0	0	1	1
XM_027356272.1	0	0	1	1
XM_027356443.1	0	1	0	1
XM_027356887.1	0	0	1	1
XM_027357342.1	0	0	1	1
XM_027357648.1	0	0	1	1
XM_027358221.1	0	1	0	1
XM_027358781.1	0	0	1	1
XM_027359621.1	0	0	1	1
XM_027359661.1	0	0	1	1
XM_027360971.1	0	0	1	1
XM_027361191.1	1	0	0	1
XM_027361255.1	1	1	0	0
XM_027361624.1	0	1	0	1
XM_027361690.1	1	0	0	1
XM_027362230.1	0	0	1	1
XM_027362371.1	0	1	0	1
XM_027362441.1	0	0	1	1
XM_027362579.1	0	0	1	1
XM_027362615.1	0	1	0	1
XM_027362698.1	1	0	0	1
XM_027362780.1	0	0	1	1
XM_027364978.1	0	0	1	1
XM_027364979.1	0	1	0	1
XM_027365093.1	1	0	0	1
XM_027365408.1	0	0	1	1
XM_027366419.1	1	0	0	1
XM_027367075.1	0	0	1	1
XM_027368368.1	0	0	1	1
XM_027369029.1	1	0	0	1
XM_027369986.1	0	0	1	1
XM_027370205.1	0	1	0	1
XM_027370439.1	0	0	1	1
XM_027370868.1	0	1	1	0
XM_027371197.1	0	1	0	1
XM_027371198.1	0	1	0	1
XM_027371445.1	0	1	0	1
XM_027372326.1	0	1	0	1
XM_027372440.1	0	0	1	1
XM_027372676.1	1	1	0	0
XM_027372739.1	1	1	0	0
XM_027374968.1	1	1	0	0
XM_027375849.1	0	1	0	1
XM_027375881.1	0	0	1	1
XM_027375934.1	0	0	1	1
XM_027376169.1	0	1	0	1
XM_027376267.1	1	0	0	1
XM_027376330.1	1	0	0	1
XM_027376589.1	1	0	0	1
XM_027377197.1	1	0	0	1
XM_027377546.1	0	1	0	1
XM_027377718.1	0	0	1	1
XM_027377853.1	1	0	0	1
XM_027377966.1	0	0	1	1
XM_027378046.1	0	0	1	1
XM_027378083.1	0	0	1	1
XM_027378091.1	0	0	1	1
XM_027378111.1	0	0	1	1
XM_027378125.1	0	1	0	1
XM_027378138.1	0	0	1	1
XM_027378392.1	0	1	0	1
XM_027378703.1	0	1	0	1
XM_027378975.1	0	0	1	1
XM_027379380.1	1	1	0	0
XM_027379507.1	0	0	1	1
XM_027380005.1	0	0	1	1
XM_027381036.1	0	1	0	1
XM_027382741.1	0	0	1	1
XM_027383307.1	0	0	1	1
XM_027383318.1	0	0	1	1
XR_003475683.1	0	0	1	1
XR_003475769.1	1	1	0	0
XR_003475881.1	0	0	1	1
XM_027350598.1	0	0	0	1
XM_027350967.1	0	0	0	1
XM_027351135.1	0	0	0	1
XM_027351234.1	0	0	0	1
XM_027351589.1	0	0	0	1
XM_027352559.1	0	0	0	1
XM_027352887.1	1	0	0	0
XM_027353305.1	0	0	0	1
XM_027353793.1	0	0	0	1
XM_027353939.1	0	0	0	1
XM_027353951.1	0	0	0	1
XM_027354802.1	0	0	0	1
XM_027356187.1	0	0	0	1
XM_027356470.1	0	0	0	1
XM_027356725.1	1	0	0	0
XM_027356789.1	0	0	0	1
XM_027356804.1	0	0	0	1
XM_027356825.1	0	0	0	1
XM_027356873.1	1	0	0	0
XM_027356875.1	0	0	0	1
XM_027357416.1	0	0	0	1
XM_027357490.1	0	0	0	1
XM_027357871.1	0	0	0	1
XM_027358222.1	0	0	0	1
XM_027358431.1	0	0	0	1
XM_027358581.1	0	0	0	1
XM_027358928.1	0	1	0	0
XM_027359564.1	0	0	0	1
XM_027360177.1	1	0	0	0
XM_027360286.1	0	0	0	1
XM_027360413.1	1	0	0	0
XM_027360666.1	0	1	0	0
XM_027361249.1	1	0	0	0
XM_027361253.1	1	0	0	0
XM_027361303.1	0	0	0	1
XM_027361827.1	1	0	0	0
XM_027362017.1	1	0	0	0
XM_027362331.1	1	0	0	0
XM_027362377.1	0	0	0	1
XM_027362697.1	0	0	0	1
XM_027362702.1	0	0	0	1
XM_027362955.1	1	0	0	0
XM_027363063.1	0	0	0	1
XM_027363937.1	1	0	0	0
XM_027363978.1	0	0	0	1
XM_027364012.1	0	0	0	1
XM_027364098.1	0	0	0	1
XM_027364108.1	0	0	0	1
XM_027364119.1	0	0	0	1
XM_027364665.1	0	0	0	1
XM_027364703.1	0	1	0	0
XM_027364752.1	0	0	0	1
XM_027365111.1	0	0	0	1
XM_027365347.1	0	0	0	1
XM_027365397.1	1	0	0	0
XM_027365399.1	1	0	0	0
XM_027366068.1	0	1	0	0
XM_027366233.1	0	0	0	1
XM_027366473.1	0	0	0	1
XM_027366876.1	0	0	0	1
XM_027366877.1	0	0	0	1
XM_027366878.1	0	0	0	1
XM_027366981.1	0	0	0	1
XM_027367615.1	0	0	0	1
XM_027367616.1	0	0	0	1
XM_027367621.1	0	0	0	1
XM_027367624.1	0	0	0	1
XM_027367904.1	1	0	0	0
XM_027367939.1	1	0	0	0
XM_027368288.1	0	0	0	1
XM_027368360.1	0	0	0	1
XM_027368503.1	1	0	0	0
XM_027368523.1	0	0	0	1
XM_027368539.1	0	0	0	1
XM_027369287.1	0	0	0	1
XM_027369289.1	0	0	0	1
XM_027369290.1	0	0	0	1
XM_027369486.1	1	0	0	0
XM_027369730.1	1	0	0	0
XM_027369759.1	0	1	0	0
XM_027370175.1	0	0	0	1
XM_027370370.1	1	0	0	0
XM_027371294.1	0	1	0	0
XM_027371775.1	1	0	0	0
XM_027371888.1	0	0	0	1
XM_027371897.1	0	0	0	1
XM_027373070.1	1	0	0	0
XM_027373241.1	0	1	0	0
XM_027373916.1	1	0	0	0
XM_027374474.1	0	0	0	1
XM_027375119.1	1	0	0	0
XM_027375373.1	1	0	0	0
XM_027375392.1	0	0	0	1
XM_027375495.1	1	0	0	0
XM_027375595.1	0	0	0	1
XM_027375946.1	0	1	0	0
XM_027376190.1	0	0	0	1
XM_027376196.1	1	0	0	0
XM_027376308.1	0	0	0	1
XM_027376310.1	0	0	0	1
XM_027376430.1	0	0	0	1
XM_027376618.1	1	0	0	0
XM_027377309.1	0	0	0	1
XM_027377375.1	1	0	0	0
XM_027377641.1	0	0	0	1
XM_027377688.1	0	0	0	1
XM_027377731.1	0	0	0	1
XM_027378033.1	0	0	0	1
XM_027378085.1	0	0	0	1
XM_027378087.1	0	0	0	1
XM_027378093.1	0	0	0	1
XM_027378095.1	0	0	0	1
XM_027378100.1	0	0	0	1
XM_027378101.1	0	0	0	1
XM_027378102.1	0	0	0	1
XM_027378103.1	0	0	0	1
XM_027378106.1	0	0	0	1
XM_027378109.1	0	0	0	1
XM_027378112.1	0	0	0	1
XM_027378118.1	0	0	0	1
XM_027378129.1	0	0	0	1
XM_027378132.1	0	0	0	1
XM_027378135.1	0	0	0	1
XM_027378136.1	0	0	0	1
XM_027378139.1	0	0	0	1
XM_027378172.1	0	0	0	1
XM_027378225.1	1	0	0	0
XM_027378290.1	0	0	0	1
XM_027378580.1	0	0	0	1
XM_027378722.1	0	0	0	1
XM_027378991.1	0	0	0	1
XM_027379214.1	0	0	0	1
XM_027379564.1	0	0	0	1
XM_027380048.1	0	0	0	1
XM_027380068.1	0	0	0	1
XM_027380094.1	1	0	0	0
XM_027381025.1	0	0	0	1
XM_027381135.1	0	0	0	1
XM_027381136.1	0	0	0	1
XM_027381356.1	0	0	0	1
XM_027382204.1	1	0	0	0
XM_027382805.1	0	0	0	1
XM_027383040.1	0	0	0	1
XM_027383305.1	0	0	0	1
XM_027383755.1	1	0	0	0
XM_027383758.1	0	0	0	1
XR_003475559.1	0	0	0	1
XR_003475668.1	1	0	0	0
XR_003475669.1	1	0	0	0
XR_003475987.1	0	0	0	1
XR_003476156.1	0	0	0	1
XR_003476754.1	0	1	0	0
XR_003476939.1	0	0	0	1
XR_003477039.1	1	0	0	0
XR_003477405.1	0	0	0	1
XR_003477406.1	0	0	0	1
XR_003477456.1	1	0	0	0
XR_003477575.1	0	1	0	0
XR_003477580.1	0	0	0	1
XR_003477624.1	0	0	0	1
