XR_003474917.1	1.62846216728122	0.481235810310475	3.38391726548903	0.000714595327423678	0.00215941637914321	Down_muscle_Up_muscle_wssv
XR_003474979.1	2.31800786150646	0.420101317817062	5.51773527765001	3.43396180251224e-08	7.4579368195476e-07	Down_hep_Up_hep_wssv
XR_003474980.1	-3.5389963112666	1.10074608352196	-3.2150887150497	0.00130404214098609	0.00977900979567856	Up_gills_Down_gills_wssv
XR_003474985.1	4.84326559965277	0.901636082335467	5.3716412802685	7.80232030808066e-08	1.36170192205068e-06	Down_gills_Up_gills_wssv
XR_003474986.1	6.57651587802416	0.731509573633381	8.99033466555858	2.46478747084975e-19	1.1603977635243e-17	Down_gills_Up_gills_wssv
XR_003474989.1	4.74300517739356	0.699264116398746	6.78285223875112	1.17826132690872e-11	3.02047465969271e-10	Down_gills_Up_gills_wssv
XR_003475419.1	-2.60930659770789	0.350391875103312	-7.44682392232568	9.56140928236864e-14	2.54439724791921e-11	Up_hemocytes_Down_hemocytes_wssv
XR_003475420.1	-2.60865870712666	0.363083171930028	-7.18474142786596	6.7334498187288e-13	1.42293638081078e-10	Up_hemocytes_Down_hemocytes_wssv
XR_003475421.1	-2.5109668231948	0.328938878382524	-7.63353616192121	2.28400601186878e-14	6.88705186155717e-12	Up_hemocytes_Down_hemocytes_wssv
XR_003475479.1	-1.56298994732771	0.472236681983799	-3.30975971786395	0.000933760924077759	0.00694161638851391	Up_hemocytes_Down_hemocytes_wssv
XR_003475483.1	4.16160779561712	0.853111700171451	4.87815111993043	1.07084869355562e-06	1.60330361587989e-05	Down_gills_Up_gills_wssv
XR_003475486.1	1.84023599705997	0.461562136374887	3.98697347991583	6.69215026153424e-05	0.000570781942209498	Down_hep_Up_hep_wssv
XR_003475491.1	1.98310611117825	0.334884529952935	5.92176088712415	3.18512515012041e-09	8.64955933348001e-08	Down_hep_Up_hep_wssv
XR_003475491.1	7.15487891116131	0.532222261714285	13.4434040547561	3.36589484871113e-41	3.98328295863226e-39	Down_gills_Up_gills_wssv
XR_003475494.1	-3.72665828273172	1.32417296269502	-2.81432893415	0.00488791849744652	0.0281605387792201	Up_gills_Down_gills_wssv
XR_003475496.1	4.44086373560859	0.647733615207521	6.85600319536578	7.08137937028726e-12	3.57528263034331e-10	Down_hep_Up_hep_wssv
XR_003475503.1	3.36733921961736	0.42771986080798	7.87276796839952	3.46879639190138e-15	1.17329047614347e-13	Down_muscle_Up_muscle_wssv
XR_003475503.1	9.99886442040798	1.33299239456876	7.50106636853151	6.33007275956888e-14	4.5395664647194e-12	Down_hep_Up_hep_wssv
XR_003475506.1	3.10886121775663	0.621865981956168	4.99924631345369	5.75548412453716e-07	9.16807398623009e-06	Down_hep_Up_hep_wssv
XR_003475515.1	-1.65913340876985	0.439870225077307	-3.77187023394971	0.00016202851972871	0.00171833935682773	Up_hemocytes_Down_hemocytes_wssv
XR_003475516.1	-2.97741397565529	0.647745050012408	-4.59658313961373	4.29475649596345e-06	5.28053685332945e-05	Up_hep_Down_hep_wssv
XR_003475525.1	6.48528649800082	0.788084802897094	8.22917340133972	1.88509727873784e-16	7.33574567162892e-15	Down_gills_Up_gills_wssv
XR_003475526.1	-4.05309180767676	1.34168203005255	-3.02090340102268	0.0025202174863362	0.0166697398014865	Up_gills_Down_gills_wssv
XR_003475534.1	-4.19342109057189	0.609443378418811	-6.88073944039173	5.95426727702852e-12	1.58261451849276e-10	Up_gills_Down_gills_wssv
XR_003475539.1	-3.84485029906557	1.31320888294819	-2.92782842774697	0.00341338346334409	0.021278340699748	Up_gills_Down_gills_wssv
XR_003475547.1	-1.73874870464883	0.364628543268715	-4.76854798327582	1.85558479698746e-06	4.40739727813386e-05	Up_hemocytes_Down_hemocytes_wssv
XR_003475547.1	-3.72455564101762	0.855470645011548	-4.35380882177125	1.33792395139996e-05	0.000142555026234671	Up_hep_Down_hep_wssv
XR_003475568.1	2.80709822104353	0.723050919412381	3.88229673136277	0.000103474502477095	0.00118954288047668	Down_hemocytes_Up_hemocytes_wssv
XR_003475593.1	4.90438711306571	0.545179161599253	8.99591814675924	2.34265816796497e-19	1.10591387503002e-17	Down_gills_Up_gills_wssv
XR_003475594.1	4.21438174960438	0.891804931372015	4.72567666016455	2.29350343538618e-06	3.23486958013081e-05	Down_gills_Up_gills_wssv
XR_003475635.1	-2.31023067293642	0.451097299023026	-5.12135780449108	3.03343438223865e-07	9.83983116766804e-06	Up_hemocytes_Down_hemocytes_wssv
XR_003475643.1	2.19394318524718	0.408176965252881	5.37498039333981	7.65910159989762e-08	1.52056966226216e-06	Down_hep_Up_hep_wssv
XR_003475651.1	1.70365492209491	0.352271798852786	4.8361944601954	1.32348451778309e-06	7.28919687531407e-06	Down_muscle_Up_muscle_wssv
XR_003475652.1	5.06297934825217	0.625541210999492	8.09375826760082	5.7851443397041e-16	2.16354380738977e-14	Down_gills_Up_gills_wssv
XR_003475662.1	-1.57446553453753	0.455870504193317	-3.45375609971435	0.000552837114921055	0.00345179392649713	Up_hep_Down_hep_wssv
XR_003475675.1	-2.15666002667591	0.379211106593867	-5.68722800881906	1.29118015522372e-08	6.92323090692717e-07	Up_hemocytes_Down_hemocytes_wssv
XR_003475679.1	1.67976278699439	0.357826032211908	4.69435601599724	2.67447905738251e-06	3.51200276817719e-05	Down_hep_Up_hep_wssv
XR_003475680.1	3.59586258105157	0.435126133817271	8.26395452165978	1.40924320868157e-16	6.03636097552729e-15	Down_muscle_Up_muscle_wssv
XR_003475680.1	4.21467487826221	0.4282818124569	9.84089157109923	7.50428313403525e-23	1.83125353701388e-20	Down_hep_Up_hep_wssv
XR_003475680.1	4.35481570984474	0.664764739860479	6.55091259918318	5.71865227815687e-11	1.37998427460886e-09	Down_gills_Up_gills_wssv
XR_003475681.1	9.03084256719116	0.849924637437478	10.6254627403427	2.26884134529592e-26	1.59353824243996e-24	Down_gills_Up_gills_wssv
XR_003475688.1	2.09932799613118	0.616783652242388	3.4036699716324	0.000664870326404216	0.00203358685116899	Down_muscle_Up_muscle_wssv
XR_003475689.1	1.64314674957297	0.386198911576214	4.25466437195979	2.09362814703761e-05	0.000328443629617144	Down_hemocytes_Up_hemocytes_wssv
XR_003475690.1	-3.88121495916074	1.3968964180995	-2.7784558030732	0.00546179429406043	0.0307190370484297	Up_gills_Down_gills_wssv
XR_003475690.1	1.99586118393937	0.387721539195331	5.14766651365704	2.63746847936767e-07	8.73281614021045e-06	Down_hemocytes_Up_hemocytes_wssv
XR_003475695.1	3.17722409540343	0.672568316029337	4.7240169060608	2.31231181608107e-06	3.08952993220871e-05	Down_hep_Up_hep_wssv
XR_003475707.1	-1.62057111621608	0.390475317208143	-4.15025238420444	3.3210887376071e-05	0.000468341954459411	Up_hemocytes_Down_hemocytes_wssv
XR_003475707.1	3.37350943780511	0.4475169203626	7.53828354707065	4.76197570880247e-14	3.48616305015247e-12	Down_hep_Up_hep_wssv
XR_003475725.1	6.93875302188778	1.14262251509953	6.07265560602344	1.25812087086839e-09	1.35763560201849e-08	Down_muscle_Up_muscle_wssv
XR_003475726.1	4.61737486121388	0.814970386802667	5.66569649153634	1.46428515833526e-08	3.43140364335638e-07	Down_hep_Up_hep_wssv
XR_003475752.1	-2.31422990197641	0.530085341352287	-4.36576853091738	1.26676570569996e-05	0.000135854796135297	Up_hep_Down_hep_wssv
XR_003475769.1	2.38674049900071	0.425601209332568	5.60792696699246	2.04764392770142e-08	1.00769326168046e-06	Down_hemocytes_Up_hemocytes_wssv
XR_003475781.1	1.84956154069383	0.445638091619099	4.15036680094822	3.31942894706488e-05	0.000468341954459411	Down_hemocytes_Up_hemocytes_wssv
XR_003475782.1	1.95339517108376	0.472329350934688	4.1356633188647	3.53930789671569e-05	0.000492350962979715	Down_hemocytes_Up_hemocytes_wssv
XR_003475783.1	1.86814829611598	0.478781929141201	3.9018772063242	9.54495773725816e-05	0.00111061573023806	Down_hemocytes_Up_hemocytes_wssv
XR_003475784.1	2.19148086585466	0.466405278491188	4.69866222986168	2.61871131724701e-06	5.86150804187532e-05	Down_hemocytes_Up_hemocytes_wssv
XR_003475785.1	1.95176758901823	0.467219208742464	4.17741298409258	2.9484340224041e-05	0.000429518171270004	Down_hemocytes_Up_hemocytes_wssv
XR_003475788.1	8.28823215469992	1.24592689012552	6.65226203911928	2.88622236606556e-11	4.49380241091064e-10	Down_muscle_Up_muscle_wssv
XR_003475805.1	2.11046601782458	0.382092600593933	5.52344121436539	3.32423548429887e-08	1.55600208173859e-06	Down_hemocytes_Up_hemocytes_wssv
XR_003475806.1	2.2085288856918	0.389010875180858	5.67729342956033	1.36842623285614e-08	7.17674633800831e-07	Down_hemocytes_Up_hemocytes_wssv
XR_003475818.1	-1.8809754366975	0.276472751807823	-6.80347493341755	1.02125266754205e-11	1.71623604671819e-10	Up_muscle_Down_muscle_wssv
XR_003475820.1	-3.96109429037885	0.803404564211627	-4.93038559504056	8.20674668312723e-07	1.24950207298566e-05	Up_hep_Down_hep_wssv
XR_003475827.1	-2.88770382358714	0.520785213665547	-5.54490363361517	2.9411610926323e-08	2.34742466701629e-07	Up_muscle_Down_muscle_wssv
XR_003475869.1	3.54315945973994	0.557120198966573	6.35977562169224	2.02048674474815e-10	2.55398897928281e-09	Down_muscle_Up_muscle_wssv
XR_003475874.1	-1.60318523868048	0.292745140724241	-5.47638548231494	4.34101484392887e-08	1.96164727381314e-06	Up_hemocytes_Down_hemocytes_wssv
XR_003475879.1	-4.74914411447602	1.10328300195147	-4.30455658799765	1.67320521229702e-05	0.000203070991614199	Up_gills_Down_gills_wssv
XR_003475891.1	-1.5134876693591	0.361856249758325	-4.18256606143991	2.88237225251241e-05	0.000278719210108107	Up_hep_Down_hep_wssv
XR_003475917.1	5.58477374080498	1.12155352252218	4.97949819483051	6.37493475511884e-07	9.92307411702192e-06	Down_gills_Up_gills_wssv
XR_003475925.1	5.53602861122974	0.725098877435627	7.63486027010326	2.26065472497573e-14	7.34202863498698e-13	Down_gills_Up_gills_wssv
XR_003475932.1	-4.1773225220182	0.641124053342647	-6.5156228349861	7.23886567672212e-11	2.86456914279296e-09	Up_hep_Down_hep_wssv
XR_003475935.1	-3.92694075573995	0.604636212235805	-6.49471645308677	8.31899429946076e-11	3.24810510758946e-09	Up_hep_Down_hep_wssv
XR_003475955.1	7.7780362086064	0.647721072536579	12.008311198131	3.21340224160582e-33	2.25837909540057e-30	Down_hep_Up_hep_wssv
XR_003475976.1	7.77560544946512	0.496142395020795	15.6721246309524	2.34604077869885e-55	3.86046595946274e-53	Down_gills_Up_gills_wssv
XR_003476009.1	2.07656497119612	0.430184378675464	4.82715104065345	1.38500080269254e-06	3.46129765820728e-05	Down_hemocytes_Up_hemocytes_wssv
XR_003476010.1	1.92567129458163	0.458770232293858	4.19746347742146	2.69921170178934e-05	0.000400699092507363	Down_hemocytes_Up_hemocytes_wssv
XR_003476011.1	-1.73873298719096	0.515308917810128	-3.37415660217939	0.000740422324438823	0.00438611606216794	Up_hep_Down_hep_wssv
XR_003476011.1	2.22492581109213	0.437084165410839	5.09038301353426	3.57340980197545e-07	1.12363017186843e-05	Down_hemocytes_Up_hemocytes_wssv
XR_003476012.1	1.99023948409794	0.476973207015638	4.17264419641225	3.01084929098468e-05	0.000437029336479292	Down_hemocytes_Up_hemocytes_wssv
XR_003476013.1	2.01816270738152	0.490352102590575	4.11574192650421	3.85935945536745e-05	0.00052918888715296	Down_hemocytes_Up_hemocytes_wssv
XR_003476029.1	2.02454230976217	0.511252868949687	3.95996273609451	7.4961459569092e-05	0.00062927512882415	Down_hep_Up_hep_wssv
XR_003476032.1	5.02780164462735	0.868844433746514	5.78676855066809	7.1753334590412e-09	6.53508318474793e-08	Down_muscle_Up_muscle_wssv
XR_003476037.1	-1.58256460387077	0.34349412441865	-4.60725378214022	4.08021901650038e-06	8.52220163766141e-05	Up_hemocytes_Down_hemocytes_wssv
XR_003476037.1	5.09053932895554	0.85021867014655	5.98732950439455	2.13314358123396e-09	2.1909953286203e-08	Down_muscle_Up_muscle_wssv
XR_003476040.1	1.54811253940675	0.501547731183201	3.08667040673197	0.00202411891775002	0.00996791457051801	Down_hep_Up_hep_wssv
XR_003476067.1	2.90642695699919	0.56509244924629	5.14327692906839	2.6998718774152e-07	4.66897134706545e-06	Down_hep_Up_hep_wssv
XR_003476071.1	3.82946543387599	0.614668385299046	6.23013241849569	4.66041084755439e-10	5.4819378284779e-09	Down_muscle_Up_muscle_wssv
XR_003476075.1	5.85429244149842	0.786313576645584	7.44523891660735	9.67691288412192e-14	6.64153747554774e-12	Down_hep_Up_hep_wssv
XR_003476078.1	-4.30457671358173	1.34852629037505	-3.19205991333292	0.00141262027915094	0.010475215958442	Up_gills_Down_gills_wssv
XR_003476089.1	1.58095041660672	0.397111667626715	3.98112305804324	6.85904257778228e-05	0.000583035210893249	Down_hep_Up_hep_wssv
XR_003476099.1	3.59757534035609	0.710563437990745	5.06298966145645	4.1273224392517e-07	6.88017602065014e-06	Down_hep_Up_hep_wssv
XR_003476100.1	2.25420785166328	0.465688051398228	4.84059628520642	1.29450116461263e-06	3.28656921121618e-05	Down_hemocytes_Up_hemocytes_wssv
XR_003476101.1	3.37215839359603	0.754129326382155	4.47159164300579	7.76395755248334e-06	0.000147968262638177	Down_hemocytes_Up_hemocytes_wssv
XR_003476104.1	2.34403430704577	0.477847273985412	4.90540479073096	9.32348579670433e-07	2.49040314620573e-05	Down_hemocytes_Up_hemocytes_wssv
XR_003476111.1	2.00877112646891	0.393070375525708	5.11046176853775	3.21372343211559e-07	5.46084339480376e-06	Down_hep_Up_hep_wssv
XR_003476112.1	2.79327466667252	0.554421597075811	5.03817795231121	4.69984385995489e-07	7.68866448970274e-06	Down_hep_Up_hep_wssv
XR_003476115.1	-1.61318733151543	0.560642665136791	-2.87738952425576	0.00400980287133618	0.0214602857583244	Up_hemocytes_Down_hemocytes_wssv
XR_003476115.1	-3.28623162676431	1.11459986222636	-2.94835100750886	0.00319474095857445	0.014500542144705	Up_hep_Down_hep_wssv
XR_003476117.1	2.00243136515505	0.384744662987271	5.20457216900056	1.94444048992938e-07	6.78194413599156e-06	Down_hemocytes_Up_hemocytes_wssv
XR_003476118.1	1.7226360892052	0.396651819177028	4.34294261596814	1.40586864922997e-05	0.000239364129021737	Down_hemocytes_Up_hemocytes_wssv
XR_003476132.1	-3.86892434907396	0.391397639423656	-9.8848944382267	4.84091740029115e-23	5.65292366422094e-21	Up_muscle_Down_muscle_wssv
XR_003476132.1	4.1992834803799	0.860527986101104	4.87989182014416	1.06144046875137e-06	1.59335954987717e-05	Down_gills_Up_gills_wssv
XR_003476154.1	-2.24521479223598	0.366606479415781	-6.12431835851324	9.10726413758245e-10	6.78090081124663e-08	Up_hemocytes_Down_hemocytes_wssv
XR_003476154.1	3.62353353388257	0.396553472993464	9.13756600472969	6.3873694722696e-20	1.03913038544238e-17	Down_hep_Up_hep_wssv
XR_003476155.1	-2.2466730894847	0.541496388262627	-4.14900844803983	3.33918489362893e-05	0.000469971468378528	Up_hemocytes_Down_hemocytes_wssv
XR_003476155.1	3.71887857229286	0.370076788402193	10.0489376498027	9.28630877137147e-24	2.53117549317478e-21	Down_hep_Up_hep_wssv
XR_003476167.1	-2.46528770275512	0.456675985027653	-5.39833007116815	6.7264034485631e-08	1.35530858476208e-06	Up_hep_Down_hep_wssv
XR_003476177.1	6.24028446110433	0.557957070115695	11.1841659427496	4.87467137471099e-29	3.82838963692075e-27	Down_gills_Up_gills_wssv
XR_003476198.1	6.7396353977246	0.679722134775116	9.91528016070035	3.572527606619e-23	2.08534229686362e-21	Down_gills_Up_gills_wssv
XR_003476205.1	-2.07074919106921	0.584719727258635	-3.54143890574308	0.000397951005043587	0.00129084041285468	Up_muscle_Down_muscle_wssv
XR_003476210.1	-1.81957397612711	0.310902812786921	-5.85254909666632	4.84095273028648e-09	2.87456573281887e-07	Up_hemocytes_Down_hemocytes_wssv
XR_003476210.1	1.89405504198239	0.339343402691226	5.5815289967662	2.3841329538497e-08	5.32941679378361e-07	Down_hep_Up_hep_wssv
XR_003476211.1	1.7652149457748	0.368998590144565	4.78379861853464	1.72013026472366e-06	2.38725819519705e-05	Down_hep_Up_hep_wssv
XR_003476239.1	1.8891436218936	0.384876528218971	4.90844071639203	9.18033707815144e-07	2.4751432481232e-05	Down_hemocytes_Up_hemocytes_wssv
XR_003476242.1	3.73120309794432	0.85189084634709	4.37990748925607	1.18729703128745e-05	0.000148330571992658	Down_gills_Up_gills_wssv
XR_003476243.1	-1.71491358586279	0.338048460905933	-5.07298149285166	3.91630601441144e-07	1.20250678263018e-05	Up_hemocytes_Down_hemocytes_wssv
XR_003476256.1	3.2181059396377	0.672300535216194	4.7867073891334	1.69539736605385e-06	9.12741644545674e-06	Down_muscle_Up_muscle_wssv
XR_003476267.1	4.34502620855704	0.797649867873222	5.447285060226	5.11444616191181e-08	1.06977165553322e-06	Down_hep_Up_hep_wssv
XR_003476270.1	2.30241776860993	0.402421486081264	5.72140864303896	1.05644459494186e-08	2.5392245599355e-07	Down_hep_Up_hep_wssv
XR_003476282.1	1.79551348890926	0.467684466326344	3.83915570900397	0.000123458119205154	0.00137618409994854	Down_hemocytes_Up_hemocytes_wssv
XR_003476283.1	1.77767540042933	0.52183538941694	3.40658268197481	0.000657816226054229	0.00525025700469666	Down_hemocytes_Up_hemocytes_wssv
XR_003476284.1	2.20983725600615	0.542885466987456	4.07054045537236	4.69041945727657e-05	0.000617794020174742	Down_hemocytes_Up_hemocytes_wssv
XR_003476291.1	-2.12808903297705	0.315668938680519	-6.7415218040532	1.56736208448606e-11	2.22999932218463e-09	Up_hemocytes_Down_hemocytes_wssv
XR_003476292.1	-1.86411972192705	0.327729685554944	-5.68797946628038	1.28551275037236e-08	6.92323090692717e-07	Up_hemocytes_Down_hemocytes_wssv
XR_003476295.1	6.50195652467825	0.758025727000809	8.57748793092258	9.69675511359115e-18	4.12661415893172e-16	Down_gills_Up_gills_wssv
XR_003476298.1	-1.96532486045107	0.417522284157159	-4.70711369195161	2.51248797071617e-06	3.32412753354542e-05	Up_hep_Down_hep_wssv
XR_003476309.1	-3.43786800198327	0.519525194798465	-6.61732681379753	3.65752313334451e-11	5.53937643615843e-10	Up_muscle_Down_muscle_wssv
XR_003476314.1	1.56542902964081	0.484026074714609	3.23418326288273	0.00121991149452811	0.00859320008645539	Down_hemocytes_Up_hemocytes_wssv
XR_003476315.1	1.56327966068911	0.470828795122889	3.32027199033374	0.000899297856477799	0.00673068239457602	Down_hemocytes_Up_hemocytes_wssv
XR_003476318.1	-2.72648172912292	0.425144085819017	-6.41307693101386	1.4261150653372e-10	1.86020780264529e-09	Up_muscle_Down_muscle_wssv
XR_003476318.1	-2.96534109197524	0.484624484815164	-6.11884290804296	9.42572671270972e-10	2.83094048448393e-08	Up_hep_Down_hep_wssv
XR_003476318.1	5.43538932726249	0.477768583376652	11.3766151990314	5.46810597024935e-30	4.45650636575322e-28	Down_gills_Up_gills_wssv
XR_003476320.1	2.20880832944958	0.38020314120638	5.80954781815072	6.26418008836062e-09	1.56963505945719e-07	Down_hep_Up_hep_wssv
XR_003476320.1	4.52597649354486	0.456981528168521	9.90406879613702	3.99675882213913e-23	4.72339846823648e-21	Down_muscle_Up_muscle_wssv
XR_003476365.1	7.47704280489373	0.435857608501886	17.1547832572972	5.7885613363578e-66	1.3515508482377e-63	Down_gills_Up_gills_wssv
XR_003476366.1	7.27000276927254	0.425043106183628	17.1041540575692	1.38193660531764e-65	3.10092216450367e-63	Down_gills_Up_gills_wssv
XR_003476367.1	1.95180793203728	0.415234757967452	4.70049266008284	2.59534585169591e-06	3.42087221412581e-05	Down_hep_Up_hep_wssv
XR_003476371.1	-2.76443442388452	0.58731785905995	-4.70687955634317	2.51537421423317e-06	3.51055215456549e-05	Up_gills_Down_gills_wssv
XR_003476374.1	-3.1639591515377	0.831572791706188	-3.80478916950375	0.00014192502342901	0.00141336055032071	Up_gills_Down_gills_wssv
XR_003476378.1	9.04419687116004	0.554808502240037	16.3014748956516	9.63390271941607e-60	1.8092888172399e-57	Down_gills_Up_gills_wssv
XR_003476398.1	3.23947313080648	0.54761656903532	5.91558640475968	3.30695248196785e-09	6.61313946567598e-08	Down_gills_Up_gills_wssv
XR_003476413.1	5.80179028928385	0.778378913257908	7.45368379135611	9.07694006058878e-14	6.27881247498208e-12	Down_hep_Up_hep_wssv
XR_003476432.1	3.17418447043439	0.484959340992786	6.54525895704234	5.93923807668284e-11	6.93876838714897e-09	Down_hemocytes_Up_hemocytes_wssv
XR_003476433.1	2.49406657204281	0.470168405258173	5.30462392655519	1.12905519108629e-07	4.29244423361672e-06	Down_hemocytes_Up_hemocytes_wssv
XR_003476435.1	2.4649298920302	0.416671106963845	5.91576869822192	3.30329155412514e-09	2.06158466380311e-07	Down_hemocytes_Up_hemocytes_wssv
XR_003476436.1	2.66217746894626	0.491011377869457	5.42182439946237	5.89938198238403e-08	2.50071147748845e-06	Down_hemocytes_Up_hemocytes_wssv
XR_003476501.1	1.95549696962119	0.505897832437252	3.86539898817165	0.000110907743810516	0.000876979774415285	Down_hep_Up_hep_wssv
XR_003476515.1	6.01579604702822	0.70124072954329	8.578788700631	9.58774146085887e-18	4.09029622125233e-16	Down_gills_Up_gills_wssv
XR_003476557.1	6.07756770417147	0.681868769605989	8.91310465455593	4.96231036365117e-19	2.26822218156521e-17	Down_gills_Up_gills_wssv
XR_003476559.1	7.28137037442866	1.15123784230971	6.32481847523372	2.53530444178552e-10	3.14794952778154e-09	Down_muscle_Up_muscle_wssv
XR_003476585.1	4.34983836065897	0.680192179359403	6.39501378089292	1.605328767881e-10	5.85178972026332e-09	Down_hep_Up_hep_wssv
XR_003476601.1	2.87625573302635	0.362940136652107	7.92487642606296	2.28373324808193e-15	2.07902555278754e-13	Down_hep_Up_hep_wssv
XR_003476658.1	1.64473246502067	0.390604611741762	4.21073488530145	2.54541317899142e-05	0.000250688954904032	Down_hep_Up_hep_wssv
XR_003476690.1	1.83755816654236	0.323598029809726	5.67852087240096	1.35864456938481e-08	3.2346050249446e-07	Down_hep_Up_hep_wssv
XR_003476695.1	-3.83788485872192	1.23065649603684	-3.11856709900878	0.00181732756823148	0.0128424481488358	Up_gills_Down_gills_wssv
XR_003476697.1	1.73459947795442	0.51589923307361	3.36228349792279	0.000773007167114379	0.00597531629447748	Down_hemocytes_Up_hemocytes_wssv
XR_003476703.1	-2.44765894581102	0.598017999648517	-4.09295196340181	4.25915980498658e-05	0.00038840107104795	Up_hep_Down_hep_wssv
XR_003476708.1	3.40460005760516	0.462749818696111	7.35732337442787	1.87634427079657e-13	5.68848683835825e-12	Down_gills_Up_gills_wssv
XR_003476729.1	-5.2679465501526	0.631663238558055	-8.33980233229678	7.44148219526488e-17	5.34670495729782e-14	Up_hemocytes_Down_hemocytes_wssv
XR_003476734.1	7.3793148431354	1.22945179340114	6.00211808445239	1.94759970124987e-09	3.98232279741955e-08	Down_gills_Up_gills_wssv
XR_003476735.1	7.17673742359161	1.30843684423972	5.4849704478948	4.13538543392582e-08	7.42735857872873e-07	Down_gills_Up_gills_wssv
XR_003476740.1	3.11004180653956	0.539192670009213	5.76796009946949	8.02367957358347e-09	1.97169300850156e-07	Down_hep_Up_hep_wssv
XR_003476741.1	8.31063094267919	0.787532450989803	10.5527472959801	4.93331133384072e-26	3.409510129044e-24	Down_gills_Up_gills_wssv
XR_003476751.1	6.04541959937696	1.16766878486475	5.17734110711643	2.2507048622175e-07	3.98236499790146e-06	Down_hep_Up_hep_wssv
XR_003476764.1	3.58186956943377	0.752858065963718	4.75769568178657	1.95815402919116e-06	2.80306423499294e-05	Down_gills_Up_gills_wssv
XR_003476769.1	10.9971696091435	0.93704608773453	11.7359965033642	8.3338940337686e-32	7.16383189629124e-30	Down_gills_Up_gills_wssv
XR_003476770.1	11.3059271865184	1.21365695690721	9.31558717821679	1.21279834146138e-20	9.99692347176021e-19	Down_muscle_Up_muscle_wssv
XR_003476770.1	13.7163155752142	0.846978469071521	16.1944088026823	5.5225930678911e-59	2.42579900507117e-55	Down_hep_Up_hep_wssv
XR_003476794.1	2.22892986568874	0.438107566842561	5.0876315187903	3.6256294583045e-07	1.13225275349112e-05	Down_hemocytes_Up_hemocytes_wssv
XR_003476795.1	2.91933937863512	0.519703009364014	5.61732244384664	1.9393930015405e-08	9.67676299726981e-07	Down_hemocytes_Up_hemocytes_wssv
XR_003476818.1	2.10114625596571	0.422394486324186	4.97436951474099	6.54603393461394e-07	1.85925101803107e-05	Down_hemocytes_Up_hemocytes_wssv
XR_003476819.1	2.09360395172177	0.424347470222448	4.93370197452638	8.06855237683975e-07	2.21269270334327e-05	Down_hemocytes_Up_hemocytes_wssv
XR_003476820.1	-1.68848350504521	0.529147633516389	-3.19094974274871	0.00141805944954058	0.00396854354937048	Up_muscle_Down_muscle_wssv
XR_003476820.1	1.92389179912724	0.384940205690238	4.99789777915638	5.79586931567093e-07	1.66907098329041e-05	Down_hemocytes_Up_hemocytes_wssv
XR_003476840.1	-2.6470298445064	0.584985794244898	-4.52494722187775	6.0410579420533e-06	7.94348547357663e-05	Up_gills_Down_gills_wssv
XR_003476853.1	-2.53044546160696	0.32031018649878	-7.89998435349978	2.78938441967596e-15	1.11342928085399e-12	Up_hemocytes_Down_hemocytes_wssv
XR_003476853.1	-3.58885225916297	0.460106617794429	-7.80004485996424	6.18851722888619e-15	2.02343884993815e-13	Up_muscle_Down_muscle_wssv
XR_003476853.1	6.78232423992806	0.486963477454438	13.9277883330842	4.29448882568707e-44	5.38321225484832e-42	Down_gills_Up_gills_wssv
XR_003476892.1	3.16440954259382	0.542994999978871	5.82769554547823	5.61979822479877e-09	1.42481752972171e-07	Down_hep_Up_hep_wssv
XR_003476895.1	-1.7170417471043	0.359746530477498	-4.77292093637495	1.81573084996613e-06	2.5021483163847e-05	Up_hep_Down_hep_wssv
XR_003476901.1	6.09487307358941	0.610076236609078	9.99034662858841	1.67993257725079e-23	4.2777413597531e-21	Down_hep_Up_hep_wssv
XR_003476908.1	1.61464070843967	0.420920563414338	3.83597488167922	0.000125067190767218	0.000454532817427064	Down_muscle_Up_muscle_wssv
XR_003476921.1	9.89391635422363	0.514721118045179	19.2218970766131	2.42731118183005e-82	1.02290445365024e-79	Down_gills_Up_gills_wssv
XR_003476923.1	9.88319816678786	0.520114592634606	19.0019628496197	1.6428411372247e-80	6.17065416716702e-78	Down_gills_Up_gills_wssv
XR_003476926.1	9.96120442304977	0.488502301334683	20.3913152421879	1.99704539283073e-92	1.50021523031867e-89	Down_gills_Up_gills_wssv
XR_003476928.1	9.94752701060933	0.527363362170088	18.8627571124309	2.30861444647685e-79	7.97764808124539e-77	Down_gills_Up_gills_wssv
XR_003476932.1	10.8124658703772	0.491219612552957	22.0114702142751	2.23621787446505e-107	3.51248840318246e-104	Down_gills_Up_gills_wssv
XR_003476939.1	9.95271353969883	0.487106897602092	20.4322985133112	8.63404374990621e-93	6.78086399594907e-90	Down_gills_Up_gills_wssv
XR_003476940.1	2.48643823035033	0.400734970381879	6.20469490841013	5.48031145352034e-10	4.50011860497642e-08	Down_hemocytes_Up_hemocytes_wssv
XR_003476942.1	9.98949232871429	0.48429456972529	20.6268931208143	1.57446426966882e-94	1.43176808691252e-91	Down_gills_Up_gills_wssv
XR_003476943.1	-2.47602381972929	0.551421576041977	-4.49025559990203	7.11377571525819e-06	8.26647085430465e-05	Up_hep_Down_hep_wssv
XR_003476943.1	2.62584731188475	0.482148961707165	5.44613287683396	5.14766876390131e-08	2.23751551451688e-06	Down_hemocytes_Up_hemocytes_wssv
XR_003476944.1	9.88219955029638	0.486814419127892	20.2997264707153	1.29302590535756e-91	9.30870899698665e-89	Down_gills_Up_gills_wssv
XR_003476946.1	10.0467572350994	0.487656416945596	20.6021224903111	2.626745023171e-94	2.26924502551743e-91	Down_gills_Up_gills_wssv
XR_003476963.1	10.0276779956111	0.489167066489189	20.4994953310756	2.17537693691359e-93	1.78981727219015e-90	Down_gills_Up_gills_wssv
XR_003476970.1	10.132453886308	0.508587814696142	19.9227224749018	2.58544271087339e-88	1.54038893649898e-85	Down_gills_Up_gills_wssv
XR_003476979.1	3.16246241749032	0.889415243723035	3.5556647356891	0.00037702461628954	0.00339039032295412	Down_hemocytes_Up_hemocytes_wssv
XR_003476979.1	6.37801432620528	0.763157977512379	8.35739717613294	6.41171484535752e-17	2.59441707489666e-15	Down_gills_Up_gills_wssv
XR_003477009.1	2.1373245252903	0.590363767213297	3.62035179662048	0.000294202729352339	0.00202314753609417	Down_hep_Up_hep_wssv
XR_003477009.1	2.42290980356308	0.490046667640195	4.94424299471421	7.64403101415593e-07	4.44610011488237e-06	Down_muscle_Up_muscle_wssv
XR_003477013.1	-1.7699827092622	0.313248685243001	-5.65040746424568	1.60067956565089e-08	1.3454212390291e-07	Up_muscle_Down_muscle_wssv
XR_003477013.1	6.14951976082966	0.661868368799848	9.29115221502495	1.52627003678937e-20	2.70874389357467e-18	Down_hep_Up_hep_wssv
XR_003477015.1	-2.08611284937527	0.319243905944865	-6.53454243143972	6.38043044623201e-11	9.10999159346285e-10	Up_muscle_Down_muscle_wssv
XR_003477039.1	1.72142296428221	0.419824891707461	4.10033563584342	4.12551362114837e-05	0.000379107083282306	Down_hep_Up_hep_wssv
XR_003477053.1	2.10806296613405	0.451127357521164	4.67287769404486	2.97008648463377e-06	3.84274076104678e-05	Down_hep_Up_hep_wssv
XR_003477060.1	-1.72279303529772	0.32044142589381	-5.37631185010589	7.60270665671286e-08	3.06884535553269e-06	Up_hemocytes_Down_hemocytes_wssv
XR_003477060.1	2.2329386580224	0.395430182899863	5.64685943204256	1.6340532877813e-08	1.3722969777266e-07	Down_muscle_Up_muscle_wssv
XR_003477060.1	9.09736838518275	0.585156508311379	15.5468977204673	1.67001544528349e-54	2.72212517581209e-52	Down_gills_Up_gills_wssv
XR_003477119.1	7.03610513698396	1.80992186591894	3.88751872082144	0.000101274179032338	0.000375150461528779	Down_muscle_Up_muscle_wssv
XR_003477123.1	-2.10885458762018	0.690741032692766	-3.05303216083614	0.00226541657797155	0.0109470212527393	Up_hep_Down_hep_wssv
XR_003477128.1	2.7257991846961	0.414826878907534	6.57093193159186	5.00013150606925e-11	5.98765747851793e-09	Down_hemocytes_Up_hemocytes_wssv
XR_003477136.1	3.09232230777428	0.522758489886323	5.91539375753941	3.3108256332088e-09	3.23787523790081e-08	Down_muscle_Up_muscle_wssv
XR_003477145.1	4.1355388047599	0.591666398466777	6.98964621867421	2.75580270592657e-12	5.25907952187426e-11	Down_muscle_Up_muscle_wssv
XR_003477145.1	4.63001464904101	0.924898673569942	5.0059696065624	5.55815274813721e-07	8.73828600385029e-06	Down_gills_Up_gills_wssv
XR_003477154.1	-2.84995198491722	0.495179082869768	-5.75539654946766	8.64386433326863e-09	1.6557504207341e-07	Up_gills_Down_gills_wssv
XR_003477154.1	-7.38852087797148	1.31279244962108	-5.62809519517276	1.82210527577767e-08	4.18488754188413e-07	Up_hep_Down_hep_wssv
XR_003477158.1	2.32725843163757	0.425554431936836	5.46876793421106	4.53174621729007e-08	9.60467805039644e-07	Down_hep_Up_hep_wssv
XR_003477160.1	-1.7823730371132	0.586039104864128	-3.04138925597199	0.0023548917467592	0.0142613726963447	Up_hemocytes_Down_hemocytes_wssv
XR_003477164.1	4.38533869926301	0.660033325642318	6.64411709059595	3.05040012747956e-11	4.70405693141315e-10	Down_muscle_Up_muscle_wssv
XR_003477170.1	-3.6668433169484	0.468597425660078	-7.82514609802475	5.07067698489775e-15	1.68604306931736e-13	Up_muscle_Down_muscle_wssv
XR_003477176.1	-2.01051069871756	0.431841589586603	-4.655667140912	3.22933302581791e-06	1.65153950209843e-05	Up_muscle_Down_muscle_wssv
XR_003477176.1	-2.01626618487267	0.433858024496116	-4.64729490070944	3.36316206074001e-06	4.26648067922036e-05	Up_hep_Down_hep_wssv
XR_003477176.1	1.79221416915947	0.421379621005264	4.25320561275335	2.1073191703354e-05	0.000330230932145253	Down_hemocytes_Up_hemocytes_wssv
XR_003477177.1	6.0295648965302	0.523279463100131	11.5226476896465	1.01445057084547e-30	8.55008632344779e-29	Down_gills_Up_gills_wssv
XR_003477182.1	1.67788591730418	0.34610922228406	4.84785093627785	1.24806121523973e-06	1.80629617395075e-05	Down_hep_Up_hep_wssv
XR_003477183.1	1.63955361329714	0.350505521347512	4.67768269953041	2.90135035291576e-06	3.76768113087435e-05	Down_hep_Up_hep_wssv
XR_003477190.1	-4.16097784484064	0.839719977644316	-4.95519691756473	7.2257072854643e-07	1.11953859793305e-05	Up_hep_Down_hep_wssv
XR_003477192.1	2.05273197665475	0.312699107882505	6.56455974740435	5.2186816647912e-11	2.13734817833057e-09	Down_hep_Up_hep_wssv
XR_003477192.1	2.50562249988599	0.255273971580131	9.81542491142492	9.66300261195115e-23	1.05315991800699e-20	Down_muscle_Up_muscle_wssv
XR_003477213.1	12.2684635042159	0.569651441451092	21.5367900640504	7.04207596022528e-103	1.23729274621158e-98	Down_hep_Up_hep_wssv
XR_003477213.1	8.47875648230511	0.478754677383202	17.7100232809185	3.50927263338314e-70	8.60561381521382e-67	Down_muscle_Up_muscle_wssv
XR_003477215.1	3.0864265805472	0.536089657746267	5.75729551195336	8.54722100466062e-09	2.08866026497757e-07	Down_hep_Up_hep_wssv
XR_003477216.1	2.82623629752414	0.556314174000588	5.08028813502989	3.76862823898347e-07	6.32424051183758e-06	Down_hep_Up_hep_wssv
XR_003477218.1	3.3166683139404	0.648677090566464	5.11297279058227	3.17127992333653e-07	5.18932329659185e-06	Down_gills_Up_gills_wssv
XR_003477221.1	-3.80555627941695	0.67364321914778	-5.64921633773933	1.61180911265732e-08	3.01123742406463e-07	Up_gills_Down_gills_wssv
XR_003477222.1	-4.02764455157835	0.7381313351863	-5.45654189110099	4.85496777265968e-08	8.66571623719152e-07	Up_gills_Down_gills_wssv
XR_003477224.1	-4.20312613571782	0.720374030143282	-5.83464417072589	5.39054807720758e-09	1.05598514374141e-07	Up_gills_Down_gills_wssv
XR_003477275.1	1.89431993946486	0.430960556351981	4.39557614158475	1.10479328155052e-05	0.00019648365663219	Down_hemocytes_Up_hemocytes_wssv
XR_003477337.1	2.16113350831118	0.40575707659907	5.32617576611388	1.00302076533354e-07	7.09857913936268e-07	Down_muscle_Up_muscle_wssv
XR_003477346.1	-1.92064712003395	0.474081021255405	-4.05130565013532	5.09326220980515e-05	0.000452419701851752	Up_hep_Down_hep_wssv
XR_003477346.1	-2.32551060549728	0.317810708569779	-7.31728208895984	2.53043569158958e-13	5.96104276854792e-11	Up_hemocytes_Down_hemocytes_wssv
XR_003477346.1	-5.32914952459751	0.421668498555053	-12.6382443622398	1.29922583265409e-36	4.24803539750131e-34	Up_muscle_Down_muscle_wssv
XR_003477346.1	6.09718560038912	0.446989242616006	13.6405645127058	2.29774981831275e-42	2.77626023502151e-40	Down_gills_Up_gills_wssv
XR_003477357.1	-1.5700192514244	0.335169646788919	-4.68425248666135	2.80983475373863e-06	6.21081360113329e-05	Up_hemocytes_Down_hemocytes_wssv
XR_003477366.1	10.6511509176425	0.532064956507298	20.0185161367537	3.79866661581947e-89	2.52436006877419e-86	Down_gills_Up_gills_wssv
XR_003477366.1	2.1428195786988	0.346163272102277	6.1901991094702	6.00882648150647e-10	6.90170713783337e-09	Down_muscle_Up_muscle_wssv
XR_003477366.1	2.97578259290989	0.295015778307098	10.0868591164376	6.31580984624099e-24	1.81916031145007e-21	Down_hep_Up_hep_wssv
XR_003477367.1	1.73510935553488	0.374206483157318	4.63676989477876	3.53896005919497e-06	1.80330697250096e-05	Down_muscle_Up_muscle_wssv
XR_003477368.1	2.64288034431869	0.759132405144181	3.48144846196723	0.000498709743528569	0.00157496583202567	Down_muscle_Up_muscle_wssv
XR_003477368.1	8.1454938612796	0.643705009810101	12.6540787117419	1.06214230949559e-36	1.07951146020381e-34	Down_gills_Up_gills_wssv
XR_003477372.1	3.28920781861087	0.610064694898559	5.39157214983208	6.98439052135504e-08	1.40246561668809e-06	Down_hep_Up_hep_wssv
XR_003477381.1	2.92481148241691	0.402435159411887	7.26778317950942	3.65434707299204e-13	2.2931027883025e-11	Down_hep_Up_hep_wssv
XR_003477391.1	4.68906588973898	0.928858135164322	5.04820457745083	4.459814404323e-07	7.1414896457732e-06	Down_gills_Up_gills_wssv
XR_003477417.1	2.182199874877	0.388830913250105	5.61220777596291	1.9976137335523e-08	1.64660446322811e-07	Down_muscle_Up_muscle_wssv
XR_003477437.1	-1.69112557160775	0.547482234913657	-3.0889140574113	0.00200889542836949	0.00540314100819203	Up_muscle_Down_muscle_wssv
XR_003477440.1	4.20389957558356	0.61098472477501	6.88053138665883	5.96297054947788e-12	1.58261451849276e-10	Down_gills_Up_gills_wssv
XR_003477441.1	4.47560784077125	0.576110249215948	7.76866554077502	7.93172967211994e-15	2.70304586341003e-13	Down_gills_Up_gills_wssv
XR_003477479.1	6.1786378641096	0.861070229558677	7.17553301927107	7.20260107913178e-13	4.34878697458232e-11	Down_hep_Up_hep_wssv
XR_003477491.1	6.25657525703626	0.776167706810213	8.06085489275078	7.57627205906393e-16	2.80305842904725e-14	Down_gills_Up_gills_wssv
XR_003477511.1	3.8043558115777	0.500318283474054	7.60387125003996	2.8740118815005e-14	8.31598305181075e-13	Down_muscle_Up_muscle_wssv
XR_003477523.1	-4.43440968921729	0.820199892761192	-5.40649874299412	6.42686781985424e-08	1.13425354638858e-06	Up_gills_Down_gills_wssv
XR_003477524.1	-2.16314572131324	0.41586749096389	-5.20152637153612	1.97658418370885e-07	6.8748695226946e-06	Up_hemocytes_Down_hemocytes_wssv
XR_003477528.1	-2.10434232533091	0.692523986455524	-3.03865622922514	0.00237635853584428	0.0159204043359122	Up_gills_Down_gills_wssv
XR_003477531.1	-3.18698561417142	0.794555186235303	-4.01103116483543	6.04541287815157e-05	0.00065918084759132	Up_gills_Down_gills_wssv
XR_003477537.1	-4.83896937914608	1.0021453811588	-4.82861016986447	1.37489261819515e-06	2.02001655248093e-05	Up_gills_Down_gills_wssv
XR_003477569.1	4.70939562587018	0.736858075095539	6.39118411677794	1.64606035789272e-10	3.77697621031479e-09	Down_gills_Up_gills_wssv
XR_003477586.1	-1.79462861556431	0.311135233902807	-5.76800188475255	8.02169091358816e-09	4.59249794534908e-07	Up_hemocytes_Down_hemocytes_wssv
XR_003477593.1	2.07562701189323	0.461663193135692	4.49597681330242	6.92512831462408e-06	3.31844570777468e-05	Down_muscle_Up_muscle_wssv
XR_003477617.1	-2.51339992753319	0.430914278172221	-5.83271442801595	5.45328556803444e-09	3.19851892296551e-07	Up_hemocytes_Down_hemocytes_wssv
XR_003477617.1	2.42039616383497	0.418835702756824	5.77886781834415	7.5204980005393e-09	6.82410405987882e-08	Down_muscle_Up_muscle_wssv
XR_003477617.1	4.33508860237076	0.342906933782483	12.6421724826383	1.23591220246178e-36	1.35718608732834e-33	Down_hep_Up_hep_wssv
XR_003477627.1	-3.74448823413937	1.11106672673471	-3.37017403549106	0.000751207233197065	0.00611656860281757	Up_gills_Down_gills_wssv
XR_003477627.1	9.30856456070562	1.20711885041057	7.71139027241561	1.24454436433093e-14	3.81491739678814e-13	Down_muscle_Up_muscle_wssv
XR_003477632.1	2.388277417254	0.430323967386385	5.54995212504532	2.85747837771182e-08	6.29935948511878e-07	Down_hep_Up_hep_wssv
XR_003477647.1	-2.21456388248865	0.202601447598368	-10.9306419511807	8.2264379568903e-28	1.68110687331535e-25	Up_muscle_Down_muscle_wssv
XR_003477655.1	5.50667398804063	0.79574004681945	6.92019210299978	4.51031596848281e-12	1.21385107949293e-10	Down_gills_Up_gills_wssv
XR_003477689.1	4.00238309674576	0.487939323049385	8.20262460449549	2.35194752773271e-16	2.44519041788543e-14	Down_hep_Up_hep_wssv
XR_003477695.1	-6.48491187143644	1.15053817864116	-5.63641606321612	1.73625602463385e-08	4.0086752106198e-07	Up_hep_Down_hep_wssv
XR_003477695.1	6.85577551599827	0.672028260887906	10.2016178708619	1.94996786162616e-24	2.77206300792624e-22	Down_muscle_Up_muscle_wssv
XR_003477720.1	3.72812447001802	0.521032480087896	7.15526308338608	8.35126038573864e-13	4.94045942684942e-11	Down_hep_Up_hep_wssv
XR_003477730.1	5.36203499198556	0.805655423765692	6.65549418996401	2.8234970998171e-11	6.95925576186017e-10	Down_gills_Up_gills_wssv
XR_003477734.1	3.76653255955261	0.679137768637014	5.54605079189131	2.92193977254599e-08	6.43339370972845e-07	Down_hep_Up_hep_wssv
XR_003477742.1	5.11525604627889	0.844704172483859	6.05567749385852	1.39827897975905e-09	2.88643538975829e-08	Down_gills_Up_gills_wssv
XR_003477749.1	6.0648974506085	0.698727424442484	8.6799190048218	3.96050763952047e-18	5.0424724077083e-16	Down_hep_Up_hep_wssv
XR_003477775.1	3.5755731650482	0.652445383126242	5.48026433709374	4.24690848500029e-08	7.61183452321941e-07	Down_gills_Up_gills_wssv
XR_003477784.1	3.85627539187845	0.791237236156864	4.87372840364396	1.09511521151767e-06	1.63679936198982e-05	Down_gills_Up_gills_wssv
XR_003477801.1	3.21894211467898	0.513374373429055	6.27016516850703	3.60665320671375e-10	4.30909394697384e-09	Down_muscle_Up_muscle_wssv
XR_003477801.1	4.04895352113907	0.885661299723515	4.57167262745145	4.83846446322898e-06	6.4805417826101e-05	Down_gills_Up_gills_wssv
XR_003477801.1	8.01653907953897	0.992828805288331	8.07444247874221	6.77856454984102e-16	6.65359660003949e-14	Down_hep_Up_hep_wssv
XR_003477825.1	2.12677036685237	0.332033301884371	6.40529234502207	1.50081524760647e-10	5.51659495825224e-09	Down_hep_Up_hep_wssv
XR_003477866.1	4.54753121224437	0.299598527525422	15.1787502088391	4.89010527309143e-52	4.79670426237538e-49	Down_muscle_Up_muscle_wssv
XR_003477866.1	5.89212016944417	0.400849679306999	14.6990766704133	6.53446272183492e-49	1.43513137528299e-45	Down_hep_Up_hep_wssv
XR_003477872.1	5.92577463708132	0.644899719915377	9.18867609038332	3.97705812804291e-20	1.96892866293196e-18	Down_gills_Up_gills_wssv
XR_003477873.1	6.30541325997428	0.725824470422768	8.68724260054444	3.71342564526126e-18	1.61207458037246e-16	Down_gills_Up_gills_wssv
XR_003477874.1	6.12385942107449	0.707443836927005	8.65631885023596	4.87244431366134e-18	2.10465232128602e-16	Down_gills_Up_gills_wssv
XR_003477876.1	-2.17234797757701	0.364884969754051	-5.9535145529323	2.62444506701429e-09	2.6430371316574e-08	Up_muscle_Down_muscle_wssv
XR_003477892.1	2.39924365790689	0.472887887441206	5.07359930678111	3.90360605243571e-07	1.20250678263018e-05	Down_hemocytes_Up_hemocytes_wssv
XR_003477914.1	3.03007189637296	0.577891386958909	5.24332420373729	1.57709067986988e-07	2.88941431129446e-06	Down_hep_Up_hep_wssv
XR_003477939.1	1.57038020371482	0.322095178098046	4.87551602910614	1.08524383269891e-06	1.59830126911315e-05	Down_hep_Up_hep_wssv
XR_003477939.1	1.98239524110763	0.434522457001265	4.56223886514077	5.06110208438218e-06	6.73177227205198e-05	Down_gills_Up_gills_wssv
XR_003477939.1	2.13314594906532	0.421478830956103	5.06109866591968	4.16847416396362e-07	2.56033582181084e-06	Down_muscle_Up_muscle_wssv
XR_003477963.1	-4.01063663336612	1.49327022596127	-2.68580767475246	0.00723547238483456	0.0333569901091025	Up_hemocytes_Down_hemocytes_wssv
XR_003477966.1	1.91947294091495	0.389998239028217	4.92174771275333	8.57747434807444e-07	1.29584027769276e-05	Down_hep_Up_hep_wssv
XR_003477966.1	10.6932109510667	0.50768719534246	21.0625973023676	1.7529583042037e-98	1.78162432823715e-95	Down_gills_Up_gills_wssv
XR_003477966.1	3.91040483651376	0.44610516838993	8.76565687554592	1.85690765501205e-18	1.0841909040484e-16	Down_muscle_Up_muscle_wssv
XR_003477976.1	5.75241716032754	0.820987357710771	7.0067061402352	2.43993973469905e-12	1.31906895811269e-10	Down_hep_Up_hep_wssv
XR_003477979.1	1.66811670511971	0.290524068356814	5.74175046685281	9.37028328569437e-09	8.31792839360869e-08	Down_muscle_Up_muscle_wssv
XR_003477979.1	3.2905110609545	0.329276560413616	9.99315304077876	1.63302999616893e-23	4.21946132833648e-21	Down_hep_Up_hep_wssv
XR_003477979.1	5.03698925705524	0.632018295771105	7.96968899596454	1.59074180992866e-15	5.65531625348713e-14	Down_gills_Up_gills_wssv
